0.000000,0.000000,10.232958
1.000000,0.000000,10.203012
2.000000,0.000000,10.143169
3.000000,0.000000,10.048672
4.000000,0.000000,9.924040
5.000000,0.000000,9.777735
6.000000,0.000000,9.617678
7.000000,0.000000,9.452258
8.000000,0.000000,9.290014
9.000000,0.000000,9.139290
10.000000,0.000000,9.007853
11.000000,0.000000,8.902520
12.000000,0.000000,8.828791
13.000000,0.000000,8.790540
14.000000,0.000000,8.789786
15.000000,0.000000,8.826569
16.000000,0.000000,8.898948
17.000000,0.000000,9.003117
18.000000,0.000000,9.133637
19.000000,0.000000,9.283737
20.000000,0.000000,9.445679
21.000000,0.000000,9.611136
22.000000,0.000000,9.771568
23.000000,0.000000,9.918577
24.000000,0.000000,10.044215
25.000000,0.000000,10.141260
26.000000,0.000000,10.203435
27.000000,0.000000,10.225583
28.000000,0.000000,10.203790
29.000000,0.000000,10.135474
30.000000,0.000000,10.019418
31.000000,0.000000,9.855774
32.000000,0.000000,9.646026
33.000000,0.000000,9.392922
34.000000,0.000000,9.100378
35.000000,0.000000,8.773352
36.000000,0.000000,8.417701
37.000000,0.000000,8.039482
38.000000,0.000000,7.646989
39.000000,0.000000,7.247510
0.000000,1.000000,10.204007
1.000000,1.000000,10.126183
2.000000,1.000000,10.016520
3.000000,1.000000,9.870266
4.000000,1.000000,9.692757
5.000000,1.000000,9.493539
6.000000,1.000000,9.281662
7.000000,1.000000,9.066742
8.000000,1.000000,8.858615
9.000000,1.000000,8.666949
10.000000,1.000000,8.500806
11.000000,1.000000,8.368189
12.000000,1.000000,8.275595
13.000000,1.000000,8.227623
14.000000,1.000000,8.226678
15.000000,1.000000,8.272807
16.000000,1.000000,8.363698
17.000000,1.000000,8.494834
18.000000,1.000000,8.659786
19.000000,1.000000,8.850604
20.000000,1.000000,9.058257
21.000000,1.000000,9.273096
22.000000,1.000000,9.485280
23.000000,1.000000,9.685180
24.000000,1.000000,9.863717
25.000000,1.000000,10.012649
26.000000,1.000000,10.124803
27.000000,1.000000,10.194251
28.000000,1.000000,10.216431
29.000000,1.000000,10.188234
30.000000,1.000000,10.108032
31.000000,1.000000,9.975675
32.000000,1.000000,9.792449
33.000000,1.000000,9.561005
34.000000,1.000000,9.285247
35.000000,1.000000,8.970210
36.000000,1.000000,8.621901
37.000000,1.000000,8.246445
38.000000,1.000000,7.852659
39.000000,1.000000,7.448911
0.000000,2.000000,10.146274
1.000000,2.000000,10.018768
2.000000,2.000000,9.857392
3.000000,2.000000,9.657363
4.000000,2.000000,9.424816
5.000000,2.000000,9.170389
6.000000,2.000000,8.904281
7.000000,2.000000,8.637375
8.000000,2.000000,8.380878
9.000000,2.000000,8.145882
10.000000,2.000000,7.942869
11.000000,2.000000,7.781167
12.000000,2.000000,7.668409
13.000000,2.000000,7.610029
14.000000,2.000000,7.608880
15.000000,2.000000,7.665017
16.000000,2.000000,7.775697
17.000000,2.000000,7.935582
18.000000,2.000000,8.137119
19.000000,2.000000,8.371036
20.000000,2.000000,8.626886
21.000000,2.000000,8.893592
22.000000,2.000000,9.159944
23.000000,2.000000,9.415037
24.000000,2.000000,9.648638
25.000000,2.000000,9.851486
26.000000,2.000000,10.015518
27.000000,2.000000,10.134053
28.000000,2.000000,10.201903
29.000000,2.000000,10.215451
30.000000,2.000000,10.172679
31.000000,2.000000,10.073152
32.000000,2.000000,9.917976
33.000000,2.000000,9.709711
34.000000,2.000000,9.452263
35.000000,2.000000,9.150743
36.000000,2.000000,8.811313
37.000000,2.000000,8.440164
38.000000,2.000000,8.046629
39.000000,2.000000,7.640153
0.000000,3.000000,10.055370
1.000000,3.000000,9.876440
2.000000,3.000000,9.661488
3.000000,3.000000,9.405639
4.000000,3.000000,9.115785
5.000000,3.000000,8.803645
6.000000,3.000000,8.480573
7.000000,3.000000,8.158763
8.000000,3.000000,7.850871
9.000000,3.000000,7.569548
10.000000,3.000000,7.326871
11.000000,3.000000,7.133709
12.000000,3.000000,6.999044
13.000000,3.000000,6.929323
14.000000,3.000000,6.927950
15.000000,3.000000,6.994992
16.000000,3.000000,7.127176
17.000000,3.000000,7.318164
18.000000,3.000000,7.559066
19.000000,3.000000,7.839076
20.000000,3.000000,8.146149
21.000000,3.000000,8.467648
22.000000,3.000000,8.790908
23.000000,3.000000,9.103707
24.000000,3.000000,9.394653
25.000000,3.000000,9.653475
26.000000,3.000000,9.871258
27.000000,3.000000,10.040600
28.000000,3.000000,10.155727
29.000000,3.000000,10.212553
30.000000,3.000000,10.208704
31.000000,3.000000,10.143491
32.000000,3.000000,10.017861
33.000000,3.000000,9.834303
34.000000,3.000000,9.596735
35.000000,3.000000,9.310355
36.000000,3.000000,8.981478
37.000000,3.000000,8.616362
38.000000,3.000000,8.224847
39.000000,3.000000,7.817438
0.000000,4.000000,9.935925
1.000000,4.000000,9.704683
2.000000,4.000000,9.435133
3.000000,4.000000,9.122226
4.000000,4.000000,8.773532
5.000000,4.000000,8.401810
6.000000,4.000000,8.019541
7.000000,4.000000,7.640238
8.000000,4.000000,7.278073
9.000000,4.000000,6.947389
10.000000,4.000000,6.662077
11.000000,4.000000,6.434822
12.000000,4.000000,6.276258
13.000000,4.000000,6.194111
14.000000,4.000000,6.192493
15.000000,4.000000,6.271485
16.000000,4.000000,6.427132
17.000000,4.000000,6.651837
18.000000,4.000000,6.935069
19.000000,4.000000,7.264206
20.000000,4.000000,7.625390
21.000000,4.000000,8.004285
22.000000,4.000000,8.386700
23.000000,4.000000,8.759089
24.000000,4.000000,9.108923
25.000000,4.000000,9.424978
26.000000,4.000000,9.697541
27.000000,4.000000,9.918558
28.000000,4.000000,10.081728
29.000000,4.000000,10.182555
30.000000,4.000000,10.218353
31.000000,4.000000,10.188221
32.000000,4.000000,10.092976
33.000000,4.000000,9.935063
34.000000,4.000000,9.718423
35.000000,4.000000,9.448350
36.000000,4.000000,9.131314
37.000000,4.000000,8.773641
38.000000,4.000000,8.385662
39.000000,4.000000,7.978914
0.000000,5.000000,9.796308
1.000000,5.000000,9.512962
2.000000,5.000000,9.188904
3.000000,5.000000,8.818811
4.000000,5.000000,8.410824
5.000000,5.000000,7.978661
6.000000,5.000000,7.535853
7.000000,5.000000,7.097195
8.000000,5.000000,6.678394
9.000000,5.000000,6.295599
10.000000,5.000000,5.964737
11.000000,5.000000,5.700647
12.000000,5.000000,5.516019
13.000000,5.000000,5.420236
14.000000,5.000000,5.418348
15.000000,5.000000,5.510457
16.000000,5.000000,5.691700
17.000000,5.000000,5.952849
18.000000,5.000000,6.281325
19.000000,5.000000,6.662352
20.000000,5.000000,7.080028
21.000000,5.000000,7.518201
22.000000,5.000000,7.961134
23.000000,5.000000,8.393989
24.000000,5.000000,8.803179
25.000000,5.000000,9.176613
26.000000,5.000000,9.503874
27.000000,5.000000,9.776343
28.000000,5.000000,9.987272
29.000000,5.000000,10.131817
30.000000,5.000000,10.207040
31.000000,5.000000,10.211871
32.000000,5.000000,10.147033
33.000000,5.000000,10.014947
34.000000,5.000000,9.819598
35.000000,5.000000,9.566381
36.000000,5.000000,9.261922
37.000000,5.000000,8.912614
38.000000,5.000000,8.529259
39.000000,5.000000,8.124380
0.000000,6.000000,9.644331
1.000000,6.000000,9.310232
2.000000,6.000000,8.932924
3.000000,6.000000,8.506703
4.000000,6.000000,8.040144
5.000000,6.000000,7.547793
6.000000,6.000000,7.044104
7.000000,6.000000,6.545041
8.000000,6.000000,6.067800
9.000000,6.000000,5.630391
10.000000,6.000000,5.250999
11.000000,6.000000,4.947032
12.000000,6.000000,4.733795
13.000000,6.000000,4.622900
14.000000,6.000000,4.620713
15.000000,6.000000,4.727360
16.000000,6.000000,4.936713
17.000000,6.000000,5.237340
18.000000,6.000000,5.614052
19.000000,6.000000,6.049496
20.000000,6.000000,6.525499
21.000000,6.000000,7.024029
22.000000,6.000000,7.527848
23.000000,6.000000,8.020937
24.000000,6.000000,8.488779
25.000000,6.000000,8.918551
26.000000,6.000000,9.299258
27.000000,6.000000,9.621824
28.000000,6.000000,9.879146
29.000000,6.000000,10.066112
30.000000,6.000000,10.179594
31.000000,6.000000,10.218398
32.000000,6.000000,10.183190
33.000000,6.000000,10.076392
34.000000,6.000000,9.902046
35.000000,6.000000,9.665654
36.000000,6.000000,9.373996
37.000000,6.000000,9.033534
38.000000,6.000000,8.655511
39.000000,6.000000,8.253378
0.000000,7.000000,9.488200
1.000000,7.000000,9.105928
2.000000,7.000000,8.677908
3.000000,7.000000,8.197951
4.000000,7.000000,7.674898
5.000000,7.000000,7.123955
6.000000,7.000000,6.560298
7.000000,7.000000,6.000863
8.000000,7.000000,5.464173
9.000000,7.000000,4.970052
10.000000,7.000000,4.539100
11.000000,7.000000,4.191763
12.000000,7.000000,3.946756
13.000000,7.000000,3.818830
14.000000,7.000000,3.816302
15.000000,7.000000,3.939343
16.000000,7.000000,4.179934
17.000000,7.000000,4.523535
18.000000,7.000000,4.951542
19.000000,7.000000,5.443544
20.000000,7.000000,5.978925
21.000000,7.000000,6.537818
22.000000,7.000000,7.101642
23.000000,7.000000,7.653393
24.000000,7.000000,8.177824
25.000000,7.000000,8.661558
26.000000,7.000000,9.093173
27.000000,7.000000,9.463265
28.000000,7.000000,9.764477
29.000000,7.000000,9.991512
30.000000,7.000000,10.141112
31.000000,7.000000,10.212009
32.000000,7.000000,10.204845
33.000000,7.000000,10.122064
34.000000,7.000000,9.967777
35.000000,7.000000,9.747597
36.000000,7.000000,9.468454
37.000000,7.000000,9.136874
38.000000,7.000000,8.764511
39.000000,7.000000,8.365663
0.000000,8.000000,9.336196
1.000000,8.000000,8.909618
2.000000,8.000000,8.434786
3.000000,8.000000,7.904942
4.000000,8.000000,7.329015
5.000000,8.000000,6.722663
6.000000,8.000000,6.101525
7.000000,8.000000,5.483208
8.000000,8.000000,4.887245
9.000000,8.000000,4.335023
10.000000,8.000000,3.849543
11.000000,8.000000,3.454729
12.000000,8.000000,3.173788
13.000000,8.000000,3.026126
14.000000,8.000000,3.023201
15.000000,8.000000,3.165251
16.000000,8.000000,3.441216
17.000000,8.000000,3.831925
18.000000,8.000000,4.314254
19.000000,8.000000,4.864267
20.000000,8.000000,5.458908
21.000000,8.000000,6.076722
22.000000,8.000000,6.698097
23.000000,8.000000,7.305350
24.000000,8.000000,7.882762
25.000000,8.000000,8.416616
26.000000,8.000000,8.895234
27.000000,8.000000,9.309013
28.000000,8.000000,9.650447
29.000000,8.000000,9.914130
30.000000,8.000000,10.096737
31.000000,8.000000,10.196965
32.000000,8.000000,10.215463
33.000000,8.000000,10.154716
34.000000,8.000000,10.018908
35.000000,8.000000,9.813763
36.000000,8.000000,9.546351
37.000000,8.000000,9.223261
38.000000,8.000000,8.856513
39.000000,8.000000,8.461165
0.000000,9.000000,9.196329
1.000000,9.000000,8.730608
2.000000,9.000000,8.214268
3.000000,9.000000,7.639926
4.000000,9.000000,7.016441
5.000000,9.000000,6.359695
6.000000,9.000000,5.685496
7.000000,9.000000,5.011727
8.000000,9.000000,4.358441
9.000000,9.000000,3.748040
10.000000,9.000000,3.205508
11.000000,9.000000,2.758402
12.000000,9.000000,2.435744
13.000000,9.000000,2.264195
14.000000,9.000000,2.260781
15.000000,9.000000,2.425867
16.000000,9.000000,2.742980
17.000000,9.000000,3.185685
18.000000,9.000000,3.724960
19.000000,9.000000,4.333153
20.000000,9.000000,4.985176
21.000000,9.000000,5.658527
22.000000,9.000000,6.333065
23.000000,9.000000,6.990821
24.000000,9.000000,7.615908
25.000000,9.000000,8.194488
26.000000,9.000000,8.714793
27.000000,9.000000,9.167146
28.000000,9.000000,9.543983
29.000000,9.000000,9.839858
30.000000,9.000000,10.051425
31.000000,9.000000,10.177385
32.000000,9.000000,10.218411
33.000000,9.000000,10.177040
34.000000,9.000000,10.057534
35.000000,9.000000,9.865719
36.000000,9.000000,9.608791
37.000000,9.000000,9.293397
38.000000,9.000000,8.931873
39.000000,9.000000,8.539930
0.000000,10.000000,9.075972
1.000000,10.000000,8.577517
2.000000,10.000000,8.026343
3.000000,10.000000,7.414449
4.000000,10.000000,6.750496
5.000000,10.000000,6.050393
6.000000,10.000000,5.329832
7.000000,10.000000,4.606556
8.000000,10.000000,3.900511
9.000000,10.000000,3.234228
10.000000,10.000000,2.633589
11.000000,10.000000,2.129023
12.000000,10.000000,1.756369
13.000000,10.000000,1.553924
14.000000,10.000000,1.549857
15.000000,10.000000,1.744807
16.000000,10.000000,2.111404
17.000000,10.000000,2.611436
18.000000,10.000000,3.208866
19.000000,10.000000,3.873055
20.000000,10.000000,4.577966
21.000000,10.000000,5.300952
22.000000,10.000000,6.021974
23.000000,10.000000,6.723206
24.000000,10.000000,7.388873
25.000000,10.000000,8.005217
26.000000,10.000000,8.560513
27.000000,10.000000,9.045105
28.000000,10.000000,9.451443
29.000000,10.000000,9.774091
30.000000,10.000000,10.009714
31.000000,10.000000,10.157040
32.000000,10.000000,10.216780
33.000000,10.000000,10.191524
34.000000,10.000000,10.085607
35.000000,10.000000,9.904943
36.000000,10.000000,9.656838
37.000000,10.000000,9.347988
38.000000,10.000000,8.990989
39.000000,10.000000,8.602085
0.000000,11.000000,8.981494
1.000000,11.000000,8.457836
2.000000,11.000000,7.879762
3.000000,11.000000,7.238722
4.000000,11.000000,6.543130
5.000000,11.000000,5.808781
6.000000,11.000000,5.051063
7.000000,11.000000,4.287253
8.000000,11.000000,3.536615
9.000000,11.000000,2.820773
10.000000,11.000000,2.164708
11.000000,11.000000,1.599126
12.000000,11.000000,1.165215
13.000000,11.000000,0.918887
14.000000,11.000000,0.913818
15.000000,11.000000,1.151405
16.000000,11.000000,1.579004
17.000000,11.000000,2.140221
18.000000,11.000000,2.793319
19.000000,11.000000,3.507286
20.000000,11.000000,4.256970
21.000000,11.000000,5.020637
22.000000,11.000000,5.778941
23.000000,11.000000,6.514527
24.000000,11.000000,7.211934
25.000000,11.000000,7.857599
26.000000,11.000000,8.439921
27.000000,11.000000,8.949323
28.000000,11.000000,9.378304
29.000000,11.000000,9.721464
30.000000,11.000000,9.975500
31.000000,11.000000,10.139172
32.000000,11.000000,10.213230
33.000000,11.000000,10.200315
34.000000,11.000000,10.104820
35.000000,11.000000,9.932732
36.000000,11.000000,9.691439
37.000000,11.000000,9.387679
38.000000,11.000000,9.034244
39.000000,11.000000,8.647782
0.000000,12.000000,8.917918
1.000000,12.000000,8.377508
2.000000,12.000000,7.781511
3.000000,12.000000,7.120978
4.000000,12.000000,6.404101
5.000000,12.000000,5.646524
6.000000,12.000000,4.863299
7.000000,12.000000,4.071150
8.000000,12.000000,3.288429
9.000000,12.000000,2.535232
10.000000,12.000000,1.834003
11.000000,12.000000,1.211625
12.000000,12.000000,0.706683
13.000000,12.000000,0.393533
14.000000,12.000000,0.386521
15.000000,12.000000,0.689833
16.000000,12.000000,1.188943
17.000000,12.000000,1.807505
18.000000,12.000000,2.506151
19.000000,12.000000,3.257726
20.000000,12.000000,4.039668
21.000000,12.000000,4.831803
22.000000,12.000000,5.615714
23.000000,12.000000,6.374612
24.000000,12.000000,7.093376
25.000000,12.000000,7.758658
26.000000,12.000000,8.358989
27.000000,12.000000,8.884877
28.000000,12.000000,9.328874
29.000000,12.000000,9.685618
30.000000,12.000000,9.951837
31.000000,12.000000,10.126321
32.000000,12.000000,10.209850
33.000000,12.000000,10.205102
34.000000,12.000000,10.116512
35.000000,12.000000,9.950114
36.000000,12.000000,9.713355
37.000000,12.000000,9.412998
38.000000,12.000000,9.061966
39.000000,12.000000,8.677171
0.000000,13.000000,8.888643
1.000000,13.000000,8.340569
2.000000,13.000000,7.736360
3.000000,13.000000,7.066875
4.000000,13.000000,6.340188
5.000000,13.000000,5.571852
6.000000,13.000000,4.776721
7.000000,13.000000,3.971185
8.000000,13.000000,3.173009
9.000000,13.000000,2.401206
10.000000,13.000000,1.676054
11.000000,13.000000,1.019699
12.000000,13.000000,0.460141
13.000000,13.000000,0.077504
14.000000,13.000000,0.067828
15.000000,13.000000,0.440495
16.000000,13.000000,0.995334
17.000000,13.000000,1.648441
18.000000,13.000000,2.371294
19.000000,13.000000,3.141635
20.000000,13.000000,3.939132
21.000000,13.000000,4.744723
22.000000,13.000000,5.540592
23.000000,13.000000,6.310290
24.000000,13.000000,7.038898
25.000000,13.000000,7.713191
26.000000,13.000000,8.321775
27.000000,13.000000,8.855203
28.000000,13.000000,9.306059
29.000000,13.000000,9.669004
30.000000,13.000000,9.940781
31.000000,13.000000,10.120197
32.000000,13.000000,10.208047
33.000000,13.000000,10.207024
34.000000,13.000000,10.121586
35.000000,13.000000,9.957789
36.000000,13.000000,9.723104
37.000000,13.000000,9.424308
38.000000,13.000000,9.074384
39.000000,13.000000,8.690361
0.000000,14.000000,8.895237
1.000000,14.000000,8.348886
2.000000,14.000000,7.746525
3.000000,14.000000,7.079055
4.000000,14.000000,6.354578
5.000000,14.000000,5.588670
6.000000,14.000000,4.796230
7.000000,14.000000,3.993729
8.000000,14.000000,3.199075
9.000000,14.000000,2.431551
10.000000,14.000000,1.711998
11.000000,14.000000,1.063915
12.000000,14.000000,0.519495
13.000000,14.000000,0.159575
14.000000,14.000000,0.151007
15.000000,14.000000,0.500734
16.000000,14.000000,1.039974
17.000000,14.000000,1.684649
18.000000,14.000000,2.401831
19.000000,14.000000,3.167855
20.000000,14.000000,3.961806
21.000000,14.000000,4.764346
22.000000,14.000000,5.557512
23.000000,14.000000,6.324772
24.000000,14.000000,7.051163
25.000000,14.000000,7.723427
26.000000,14.000000,8.330154
27.000000,14.000000,8.861887
28.000000,14.000000,9.311201
29.000000,14.000000,9.672752
30.000000,14.000000,9.943280
31.000000,14.000000,10.121587
32.000000,14.000000,10.208466
33.000000,14.000000,10.206606
34.000000,14.000000,10.120460
35.000000,14.000000,9.956078
36.000000,14.000000,9.720927
37.000000,14.000000,9.421779
38.000000,14.000000,9.071605
39.000000,14.000000,8.687409
0.000000,15.000000,8.937346
1.000000,15.000000,8.402040
2.000000,15.000000,7.811506
3.000000,15.000000,7.156921
4.000000,15.000000,6.446550
5.000000,15.000000,5.696091
6.000000,15.000000,4.920709
7.000000,15.000000,4.137323
8.000000,15.000000,3.364610
9.000000,15.000000,2.623240
10.000000,15.000000,1.936689
11.000000,15.000000,1.333668
12.000000,15.000000,0.855088
13.000000,15.000000,0.569396
14.000000,15.000000,0.563278
15.000000,15.000000,0.839441
16.000000,15.000000,1.311889
17.000000,15.000000,1.910857
18.000000,15.000000,2.594679
19.000000,15.000000,3.334338
20.000000,15.000000,4.106213
21.000000,15.000000,4.889544
22.000000,15.000000,5.665579
23.000000,15.000000,6.417333
24.000000,15.000000,7.129568
25.000000,15.000000,7.788863
26.000000,15.000000,8.383704
27.000000,15.000000,8.904571
28.000000,15.000000,9.343997
29.000000,15.000000,9.696607
30.000000,15.000000,9.959120
31.000000,15.000000,10.130314
32.000000,15.000000,10.210963
33.000000,15.000000,10.203730
34.000000,15.000000,10.113039
35.000000,15.000000,9.944909
36.000000,15.000000,9.706768
37.000000,15.000000,9.405373
38.000000,15.000000,9.053607
39.000000,15.000000,8.668300
0.000000,16.000000,9.012717
1.000000,16.000000,8.497345
2.000000,16.000000,7.928123
3.000000,16.000000,7.296689
4.000000,16.000000,6.611548
5.000000,16.000000,5.888547
6.000000,16.000000,5.143199
7.000000,16.000000,4.392976
8.000000,16.000000,3.657444
9.000000,16.000000,2.958669
10.000000,16.000000,2.322194
11.000000,16.000000,1.779066
12.000000,16.000000,1.369013
13.000000,16.000000,1.140844
14.000000,16.000000,1.136204
15.000000,16.000000,1.356109
16.000000,16.000000,1.759890
17.000000,16.000000,2.298547
18.000000,16.000000,2.931943
19.000000,16.000000,3.628754
20.000000,16.000000,4.363263
21.000000,16.000000,5.113289
22.000000,16.000000,5.859179
23.000000,16.000000,6.583379
24.000000,16.000000,7.270301
25.000000,16.000000,7.906301
26.000000,16.000000,8.479728
27.000000,16.000000,8.980975
28.000000,16.000000,9.402519
29.000000,16.000000,9.738945
30.000000,16.000000,9.986938
31.000000,16.000000,10.145246
32.000000,16.000000,10.214606
33.000000,16.000000,10.197640
34.000000,16.000000,10.098724
35.000000,16.000000,9.923818
36.000000,16.000000,9.680284
37.000000,16.000000,9.374846
38.000000,16.000000,9.020232
39.000000,16.000000,8.632958
0.000000,17.000000,9.117326
1.000000,17.000000,8.630032
2.000000,17.000000,8.090748
3.000000,17.000000,7.491695
4.000000,17.000000,6.841617
5.000000,17.000000,6.156432
6.000000,17.000000,5.451905
7.000000,17.000000,4.745875
8.000000,17.000000,4.058401
9.000000,17.000000,3.412089
10.000000,17.000000,2.832669
11.000000,17.000000,2.349704
12.000000,17.000000,1.996503
13.000000,17.000000,1.806458
14.000000,17.000000,1.802657
15.000000,17.000000,1.985609
16.000000,17.000000,2.332925
17.000000,17.000000,2.811379
18.000000,17.000000,3.387550
19.000000,17.000000,4.031713
20.000000,17.000000,4.717998
21.000000,17.000000,5.423688
22.000000,17.000000,6.128630
23.000000,17.000000,6.814901
24.000000,17.000000,7.466653
25.000000,17.000000,8.070082
26.000000,17.000000,8.613433
27.000000,17.000000,9.087034
28.000000,17.000000,9.483325
29.000000,17.000000,9.796860
30.000000,17.000000,10.024299
31.000000,17.000000,10.164356
32.000000,17.000000,10.217729
33.000000,17.000000,10.186988
34.000000,17.000000,10.076444
35.000000,17.000000,9.891979
36.000000,17.000000,9.640861
37.000000,17.000000,9.329770
38.000000,17.000000,8.971214
39.000000,17.000000,8.581256
0.000000,18.000000,9.245622
1.000000,18.000000,8.793546
2.000000,18.000000,8.291693
3.000000,18.000000,7.732911
4.000000,18.000000,7.126102
5.000000,18.000000,6.487092
6.000000,18.000000,5.831661
7.000000,18.000000,5.177641
8.000000,18.000000,4.544962
9.000000,18.000000,3.955741
10.000000,18.000000,3.434320
11.000000,18.000000,3.006950
12.000000,18.000000,2.700366
13.000000,18.000000,2.538177
14.000000,18.000000,2.534956
15.000000,18.000000,2.691011
16.000000,18.000000,2.992256
17.000000,18.000000,3.415321
18.000000,18.000000,3.933508
19.000000,18.000000,4.520509
20.000000,18.000000,5.151895
21.000000,18.000000,5.805460
22.000000,18.000000,6.461190
23.000000,18.000000,7.101169
24.000000,18.000000,7.709537
25.000000,18.000000,8.272475
26.000000,18.000000,8.778229
27.000000,18.000000,9.217138
28.000000,18.000000,9.581648
29.000000,18.000000,9.866323
30.000000,18.000000,10.067817
31.000000,18.000000,10.184829
32.000000,18.000000,10.218019
33.000000,18.000000,10.169905
34.000000,18.000000,10.044722
35.000000,18.000000,9.848257
36.000000,18.000000,9.587665
37.000000,18.000000,9.269570
38.000000,18.000000,8.906201
39.000000,18.000000,8.513040
0.000000,19.000000,9.390828
1.000000,19.000000,8.979933
2.000000,19.000000,8.521692
3.000000,19.000000,8.009561
4.000000,19.000000,7.452460
5.000000,19.000000,6.865905
6.000000,19.000000,6.265400
7.000000,19.000000,5.668347
8.000000,19.000000,5.093959
9.000000,19.000000,4.563095
10.000000,19.000000,4.097899
11.000000,19.000000,3.720982
12.000000,19.000000,3.453760
13.000000,19.000000,3.313705
14.000000,19.000000,3.310934
15.000000,19.000000,3.445655
16.000000,19.000000,3.708108
17.000000,19.000000,4.081051
18.000000,19.000000,4.543161
19.000000,19.000000,5.071840
20.000000,19.000000,5.644904
21.000000,19.000000,6.241433
22.000000,19.000000,6.842145
23.000000,19.000000,7.429565
24.000000,19.000000,7.988111
25.000000,19.000000,8.504166
26.000000,19.000000,8.966125
27.000000,19.000000,9.364442
28.000000,19.000000,9.691656
29.000000,19.000000,9.942391
30.000000,19.000000,10.113340
31.000000,19.000000,10.203209
32.000000,19.000000,10.212641
33.000000,19.000000,10.144104
34.000000,19.000000,10.001756
35.000000,19.000000,9.791280
36.000000,19.000000,9.519696
37.000000,19.000000,9.193571
38.000000,19.000000,8.824795
39.000000,19.000000,8.428161
0.000000,20.000000,9.545293
1.000000,20.000000,9.180272
2.000000,20.000000,8.770431
3.000000,20.000000,8.309772
4.000000,20.000000,7.807058
5.000000,20.000000,7.277277
6.000000,20.000000,6.735368
7.000000,20.000000,6.197940
8.000000,20.000000,5.683059
9.000000,20.000000,5.209899
10.000000,20.000000,4.798169
11.000000,20.000000,4.467143
12.000000,20.000000,4.234182
13.000000,20.000000,4.112752
14.000000,20.000000,4.110354
15.000000,20.000000,4.227142
16.000000,20.000000,4.455885
17.000000,20.000000,4.783318
18.000000,20.000000,5.192195
19.000000,20.000000,5.663286
20.000000,20.000000,6.176878
21.000000,20.000000,6.713762
22.000000,20.000000,7.255821
23.000000,20.000000,7.786382
24.000000,20.000000,8.290437
25.000000,20.000000,8.754789
26.000000,20.000000,9.168153
27.000000,20.000000,9.521230
28.000000,20.000000,9.806744
29.000000,20.000000,10.019456
30.000000,20.000000,10.156149
31.000000,20.000000,10.215575
32.000000,20.000000,10.198383
33.000000,20.000000,10.107006
34.000000,20.000000,9.945529
35.000000,20.000000,9.719523
36.000000,20.000000,9.435865
37.000000,20.000000,9.101058
38.000000,20.000000,8.726609
39.000000,20.000000,8.326518
0.000000,21.000000,9.700868
1.000000,21.000000,9.385110
2.000000,21.000000,9.027065
3.000000,21.000000,8.621181
4.000000,21.000000,8.175891
5.000000,21.000000,7.705457
6.000000,21.000000,7.224015
7.000000,21.000000,6.747117
8.000000,21.000000,6.291429
9.000000,21.000000,5.874276
10.000000,21.000000,5.512994
11.000000,21.000000,5.223997
12.000000,21.000000,5.021558
13.000000,21.000000,4.916388
14.000000,21.000000,4.914314
15.000000,21.000000,5.015453
16.000000,21.000000,5.214195
17.000000,21.000000,5.499998
18.000000,21.000000,5.858705
19.000000,21.000000,6.273961
20.000000,21.000000,6.728449
21.000000,21.000000,7.204827
22.000000,21.000000,7.686394
23.000000,21.000000,8.157547
24.000000,21.000000,8.604088
25.000000,21.000000,9.013445
26.000000,21.000000,9.374817
27.000000,21.000000,9.679282
28.000000,21.000000,9.919855
29.000000,21.000000,10.091514
30.000000,21.000000,10.191191
31.000000,21.000000,10.217733
32.000000,21.000000,10.171824
33.000000,21.000000,10.055880
34.000000,21.000000,9.873923
35.000000,21.000000,9.631414
36.000000,21.000000,9.335078
37.000000,21.000000,8.991351
38.000000,21.000000,8.611318
39.000000,21.000000,8.208100
0.000000,22.000000,9.849260
1.000000,22.000000,9.584888
2.000000,22.000000,9.280696
3.000000,22.000000,8.931473
4.000000,22.000000,8.545168
5.000000,22.000000,8.135157
6.000000,22.000000,7.714602
7.000000,22.000000,7.297834
8.000000,22.000000,6.900003
9.000000,22.000000,6.536584
10.000000,22.000000,6.222733
11.000000,22.000000,5.972458
12.000000,22.000000,5.797640
13.000000,22.000000,5.707001
14.000000,22.000000,5.705215
15.000000,22.000000,5.792375
16.000000,22.000000,5.963983
17.000000,22.000000,6.211463
18.000000,22.000000,6.523039
19.000000,22.000000,6.884768
20.000000,22.000000,7.281525
21.000000,22.000000,7.697832
22.000000,22.000000,8.118517
23.000000,22.000000,8.529208
24.000000,22.000000,8.916692
25.000000,22.000000,9.269183
26.000000,22.000000,9.576507
27.000000,22.000000,9.830243
28.000000,22.000000,10.023793
29.000000,22.000000,10.152435
30.000000,22.000000,10.213315
31.000000,22.000000,10.205419
32.000000,22.000000,10.129501
33.000000,22.000000,9.987987
34.000000,22.000000,9.784845
35.000000,22.000000,9.525433
36.000000,22.000000,9.216318
37.000000,22.000000,8.863869
38.000000,22.000000,8.478719
39.000000,22.000000,8.073037
0.000000,23.000000,9.982372
1.000000,23.000000,9.770306
2.000000,23.000000,9.520785
3.000000,23.000000,9.228832
4.000000,23.000000,8.901780
5.000000,23.000000,8.552014
6.000000,23.000000,8.191610
7.000000,23.000000,7.833599
8.000000,23.000000,7.491594
9.000000,23.000000,7.179303
10.000000,23.000000,6.909929
11.000000,23.000000,6.695457
12.000000,23.000000,6.545875
13.000000,23.000000,6.468406
14.000000,23.000000,6.466880
15.000000,23.000000,6.541373
16.000000,23.000000,6.688201
17.000000,23.000000,6.900264
18.000000,23.000000,7.167670
19.000000,23.000000,7.478498
20.000000,23.000000,7.819580
21.000000,23.000000,8.177216
22.000000,23.000000,8.537779
23.000000,23.000000,8.888207
24.000000,23.000000,9.216380
25.000000,23.000000,9.511415
26.000000,23.000000,9.763882
27.000000,23.000000,9.965957
28.000000,23.000000,10.111525
29.000000,23.000000,10.196230
30.000000,23.000000,10.217496
31.000000,23.000000,10.174494
32.000000,23.000000,10.068086
33.000000,23.000000,9.900729
34.000000,23.000000,9.676355
35.000000,23.000000,9.400220
36.000000,23.000000,9.078739
37.000000,23.000000,8.718213
38.000000,23.000000,8.328793
39.000000,23.000000,7.921646
0.000000,24.000000,10.092604
1.000000,24.000000,9.932663
2.000000,24.000000,9.737504
3.000000,24.000000,9.502296
4.000000,24.000000,9.233660
5.000000,24.000000,8.942923
6.000000,24.000000,8.641017
7.000000,24.000000,8.339655
8.000000,24.000000,8.050952
9.000000,24.000000,7.786969
10.000000,24.000000,7.559176
11.000000,24.000000,7.377847
12.000000,24.000000,7.251437
13.000000,24.000000,7.185994
14.000000,24.000000,7.184706
15.000000,24.000000,7.247634
16.000000,24.000000,7.371714
17.000000,24.000000,7.551003
18.000000,24.000000,7.777132
19.000000,24.000000,8.039887
20.000000,24.000000,8.327834
21.000000,24.000000,8.628925
22.000000,24.000000,8.931036
23.000000,24.000000,9.222434
24.000000,24.000000,9.492146
25.000000,24.000000,9.730270
26.000000,24.000000,9.928194
27.000000,24.000000,10.078776
28.000000,24.000000,10.176448
29.000000,24.000000,10.217291
30.000000,24.000000,10.199055
31.000000,24.000000,10.121140
32.000000,24.000000,9.984548
33.000000,24.000000,9.791790
34.000000,24.000000,9.546779
35.000000,24.000000,9.254680
36.000000,24.000000,8.921750
37.000000,24.000000,8.554225
38.000000,24.000000,8.161760
39.000000,24.000000,7.754476
0.000000,25.000000,10.173109
1.000000,25.000000,10.064118
2.000000,25.000000,9.922019
3.000000,25.000000,9.742050
4.000000,25.000000,9.530057
5.000000,25.000000,9.296280
6.000000,25.000000,9.050493
7.000000,25.000000,8.803109
8.000000,25.000000,8.564818
9.000000,25.000000,8.346170
10.000000,25.000000,8.157099
11.000000,25.000000,8.006419
12.000000,25.000000,7.901315
13.000000,25.000000,7.846890
14.000000,25.000000,7.845818
15.000000,25.000000,7.898152
16.000000,25.000000,8.001320
17.000000,25.000000,8.150310
18.000000,25.000000,8.338011
19.000000,25.000000,8.555665
20.000000,25.000000,8.793373
21.000000,25.000000,9.040600
22.000000,25.000000,9.286653
23.000000,25.000000,9.521101
24.000000,25.000000,9.734137
25.000000,25.000000,9.916871
26.000000,25.000000,10.061565
27.000000,25.000000,10.161806
28.000000,25.000000,10.212631
29.000000,25.000000,10.210605
30.000000,25.000000,10.153846
31.000000,25.000000,10.042021
32.000000,25.000000,9.876296
33.000000,25.000000,9.659264
34.000000,25.000000,9.394827
35.000000,25.000000,9.088067
36.000000,25.000000,8.745091
37.000000,25.000000,8.372064
38.000000,25.000000,7.978132
39.000000,25.000000,7.572348
0.000000,26.000000,10.217999
1.000000,26.000000,10.157913
2.000000,26.000000,10.066708
3.000000,26.000000,9.939636
4.000000,26.000000,9.781735
5.000000,26.000000,9.602153
6.000000,26.000000,9.409525
7.000000,26.000000,9.213012
8.000000,26.000000,9.021968
9.000000,26.000000,8.845564
10.000000,26.000000,8.692375
11.000000,26.000000,8.569951
12.000000,26.000000,8.484412
13.000000,26.000000,8.440077
14.000000,26.000000,8.439204
15.000000,26.000000,8.481836
16.000000,26.000000,8.565804
17.000000,26.000000,8.686865
18.000000,26.000000,8.838965
19.000000,26.000000,9.014603
20.000000,26.000000,9.205237
21.000000,26.000000,9.401711
22.000000,26.000000,9.594671
23.000000,26.000000,9.774942
24.000000,26.000000,9.933862
25.000000,26.000000,10.063564
26.000000,26.000000,10.157201
27.000000,26.000000,10.209124
28.000000,26.000000,10.215009
29.000000,26.000000,10.171935
30.000000,26.000000,10.078423
31.000000,26.000000,9.934431
32.000000,26.000000,9.741317
33.000000,26.000000,9.501765
34.000000,26.000000,9.219683
35.000000,26.000000,8.900076
36.000000,26.000000,8.548899
37.000000,26.000000,8.172249
38.000000,26.000000,7.778754
39.000000,26.000000,7.376387
0.000000,27.000000,10.222514
1.000000,27.000000,10.208539
2.000000,27.000000,10.165329
3.000000,27.000000,10.088112
4.000000,27.000000,9.981108
5.000000,27.000000,9.852399
6.000000,27.000000,9.709514
7.000000,27.000000,9.560428
8.000000,27.000000,9.413253
9.000000,27.000000,9.275910
10.000000,27.000000,9.155763
11.000000,27.000000,9.059269
12.000000,27.000000,8.991631
13.000000,27.000000,8.956512
14.000000,27.000000,8.955820
15.000000,27.000000,8.989592
16.000000,27.000000,9.055994
17.000000,27.000000,9.151429
18.000000,27.000000,9.270749
19.000000,27.000000,9.407544
20.000000,27.000000,9.554476
21.000000,27.000000,9.703641
22.000000,27.000000,9.846927
23.000000,27.000000,9.976349
24.000000,27.000000,10.084353
25.000000,27.000000,10.164076
26.000000,27.000000,10.209563
27.000000,27.000000,10.215940
28.000000,27.000000,10.179536
29.000000,27.000000,10.097965
30.000000,27.000000,9.970170
31.000000,27.000000,9.796418
32.000000,27.000000,9.578272
33.000000,27.000000,9.318520
34.000000,27.000000,9.021085
35.000000,27.000000,8.690899
36.000000,27.000000,8.333764
37.000000,27.000000,7.955709
38.000000,27.000000,7.564837
39.000000,27.000000,7.168044
0.000000,28.000000,10.183135
1.000000,28.000000,10.211852
2.000000,28.000000,10.213129
3.000000,28.000000,10.182152
4.000000,28.000000,10.122337
5.000000,28.000000,10.040733
6.000000,28.000000,9.943820
7.000000,28.000000,9.838457
8.000000,28.000000,9.731615
9.000000,28.000000,9.630077
10.000000,28.000000,9.540136
11.000000,28.000000,9.467284
12.000000,28.000000,9.415937
13.000000,28.000000,9.389194
14.000000,28.000000,9.388667
15.000000,28.000000,9.414386
16.000000,28.000000,9.464803
17.000000,28.000000,9.536875
18.000000,28.000000,9.626234
19.000000,28.000000,9.727425
20.000000,28.000000,9.834184
21.000000,28.000000,9.939739
22.000000,28.000000,10.037122
23.000000,28.000000,10.119463
24.000000,28.000000,10.180262
25.000000,28.000000,10.213628
26.000000,28.000000,10.214480
27.000000,28.000000,10.178709
28.000000,28.000000,10.103300
29.000000,28.000000,9.986407
30.000000,28.000000,9.827400
31.000000,28.000000,9.626866
32.000000,28.000000,9.386578
33.000000,28.000000,9.109437
34.000000,28.000000,8.799382
35.000000,28.000000,8.461274
36.000000,28.000000,8.100765
37.000000,28.000000,7.723806
38.000000,28.000000,7.337976
39.000000,28.000000,6.949112
0.000000,29.000000,10.097659
1.000000,29.000000,10.165140
2.000000,29.000000,10.206909
3.000000,29.000000,10.218104
4.000000,29.000000,10.201367
5.000000,29.000000,10.162763
6.000000,29.000000,10.107781
7.000000,29.000000,10.042248
8.000000,29.000000,9.972086
9.000000,29.000000,9.903053
10.000000,29.000000,9.840481
11.000000,29.000000,9.789017
12.000000,29.000000,9.752387
13.000000,29.000000,9.733204
14.000000,29.000000,9.732825
15.000000,29.000000,9.751276
16.000000,29.000000,9.787253
17.000000,29.000000,9.838191
18.000000,29.000000,9.900404
19.000000,29.000000,9.969278
20.000000,29.000000,10.039503
21.000000,29.000000,10.105334
22.000000,29.000000,10.160848
23.000000,29.000000,10.200213
24.000000,29.000000,10.217919
25.000000,29.000000,10.209001
26.000000,29.000000,10.169219
27.000000,29.000000,10.095210
28.000000,29.000000,9.984596
29.000000,29.000000,9.836069
30.000000,29.000000,9.649421
31.000000,29.000000,9.425556
32.000000,29.000000,9.166461
33.000000,29.000000,8.875147
34.000000,29.000000,8.555570
35.000000,29.000000,8.212519
36.000000,29.000000,7.851491
37.000000,29.000000,7.478352
38.000000,29.000000,7.100161
39.000000,29.000000,6.721721
0.000000,30.000000,9.965229
1.000000,30.000000,10.067156
2.000000,30.000000,10.145046
3.000000,30.000000,10.194002
4.000000,30.000000,10.215932
5.000000,30.000000,10.215974
6.000000,30.000000,10.198697
7.000000,30.000000,10.168971
8.000000,30.000000,10.131765
9.000000,30.000000,10.091910
10.000000,30.000000,10.053882
11.000000,30.000000,10.021579
12.000000,30.000000,9.998125
13.000000,30.000000,9.985706
14.000000,30.000000,9.985460
15.000000,30.000000,9.997408
16.000000,30.000000,10.020458
17.000000,30.000000,10.052462
18.000000,30.000000,10.090332
19.000000,30.000000,10.130197
20.000000,30.000000,10.167600
21.000000,30.000000,10.197718
22.000000,30.000000,10.215586
23.000000,30.000000,10.216324
24.000000,30.000000,10.195347
25.000000,30.000000,10.148558
26.000000,30.000000,10.072517
27.000000,30.000000,9.964571
28.000000,30.000000,9.822960
29.000000,30.000000,9.646889
30.000000,30.000000,9.436565
31.000000,30.000000,9.193197
32.000000,30.000000,8.918978
33.000000,30.000000,8.617025
34.000000,30.000000,8.291304
35.000000,30.000000,7.946529
36.000000,30.000000,7.588040
37.000000,30.000000,7.221604
38.000000,30.000000,6.853766
39.000000,30.000000,6.488328
0.000000,31.000000,9.786331
1.000000,31.000000,9.918101
2.000000,31.000000,10.027474
3.000000,31.000000,10.109540
4.000000,31.000000,10.165523
5.000000,31.000000,10.199696
6.000000,31.000000,10.215776
7.000000,31.000000,10.217763
8.000000,31.000000,10.209755
9.000000,31.000000,10.195753
10.000000,31.000000,10.179468
11.000000,31.000000,10.164135
12.000000,31.000000,10.152345
13.000000,31.000000,10.145914
14.000000,31.000000,10.145786
15.000000,31.000000,10.151977
16.000000,31.000000,10.163583
17.000000,31.000000,10.178820
18.000000,31.000000,10.195125
19.000000,31.000000,10.209286
20.000000,31.000000,10.217608
21.000000,31.000000,10.216097
22.000000,31.000000,10.200656
23.000000,31.000000,10.167278
24.000000,31.000000,10.112229
25.000000,31.000000,10.032223
26.000000,31.000000,9.924563
27.000000,31.000000,9.787268
28.000000,31.000000,9.619161
29.000000,31.000000,9.419935
30.000000,31.000000,9.190187
31.000000,31.000000,8.931418
32.000000,31.000000,8.646011
33.000000,31.000000,8.337179
34.000000,31.000000,8.008891
35.000000,31.000000,7.665775
36.000000,31.000000,7.313006
37.000000,31.000000,6.956246
38.000000,31.000000,6.601527
39.000000,31.000000,6.251695
0.000000,32.000000,9.562751
1.000000,32.000000,9.719581
2.000000,32.000000,9.855634
3.000000,32.000000,9.966011
4.000000,32.000000,10.051316
5.000000,32.000000,10.115018
6.000000,32.000000,10.160057
7.000000,32.000000,10.189641
8.000000,32.000000,10.207082
9.000000,32.000000,10.215637
10.000000,32.000000,10.218334
11.000000,32.000000,10.217820
12.000000,32.000000,10.216218
13.000000,32.000000,10.215018
14.000000,32.000000,10.214992
15.000000,32.000000,10.216155
16.000000,32.000000,10.217765
17.000000,32.000000,10.218359
18.000000,32.000000,10.215838
19.000000,32.000000,10.207572
20.000000,32.000000,10.190545
21.000000,32.000000,10.161509
22.000000,32.000000,10.117148
23.000000,32.000000,10.054248
24.000000,32.000000,9.969855
25.000000,32.000000,9.861426
26.000000,32.000000,9.726955
27.000000,32.000000,9.565080
28.000000,32.000000,9.375169
29.000000,32.000000,9.157368
30.000000,32.000000,8.912636
31.000000,32.000000,8.642742
32.000000,32.000000,8.350241
33.000000,32.000000,8.038426
34.000000,32.000000,7.711254
35.000000,32.000000,7.373261
36.000000,32.000000,7.029450
37.000000,32.000000,6.685354
38.000000,32.000000,6.346508
39.000000,32.000000,6.014851
0.000000,33.000000,9.297500
1.000000,33.000000,9.474526
2.000000,33.000000,9.632381
3.000000,33.000000,9.766216
4.000000,33.000000,9.876074
5.000000,33.000000,9.964690
6.000000,33.000000,10.034299
7.000000,33.000000,10.087391
8.000000,33.000000,10.126579
9.000000,33.000000,10.154449
10.000000,33.000000,10.173425
11.000000,33.000000,10.185632
12.000000,33.000000,10.192783
13.000000,33.000000,10.196077
14.000000,33.000000,10.196139
15.000000,33.000000,10.192982
16.000000,33.000000,10.186004
17.000000,33.000000,10.174027
18.000000,33.000000,10.155359
19.000000,33.000000,10.127888
20.000000,33.000000,10.089201
21.000000,33.000000,10.036712
22.000000,33.000000,9.967810
23.000000,33.000000,9.879996
24.000000,33.000000,9.771022
25.000000,33.000000,9.639021
26.000000,33.000000,9.482618
27.000000,33.000000,9.301018
28.000000,33.000000,9.094085
29.000000,33.000000,8.862381
30.000000,33.000000,8.607192
31.000000,33.000000,8.330527
32.000000,33.000000,8.035091
33.000000,33.000000,7.724234
34.000000,33.000000,7.401890
35.000000,33.000000,7.072486
36.000000,33.000000,6.740841
37.000000,33.000000,6.412350
38.000000,33.000000,6.092054
39.000000,33.000000,5.781043
0.000000,34.000000,8.994715
1.000000,34.000000,9.187079
2.000000,34.000000,9.361873
3.000000,34.000000,9.514335
4.000000,34.000000,9.644017
5.000000,34.000000,9.752985
6.000000,34.000000,9.842838
7.000000,34.000000,9.915428
8.000000,34.000000,9.972738
9.000000,34.000000,10.016765
10.000000,34.000000,10.049394
11.000000,34.000000,10.072292
12.000000,34.000000,10.086806
13.000000,34.000000,10.093884
14.000000,34.000000,10.094021
15.000000,34.000000,10.087225
16.000000,34.000000,10.073023
17.000000,34.000000,10.050482
18.000000,34.000000,10.018271
19.000000,34.000000,9.974733
20.000000,34.000000,9.917989
21.000000,34.000000,9.846046
22.000000,34.000000,9.756917
23.000000,34.000000,9.648744
24.000000,34.000000,9.519913
25.000000,34.000000,9.369167
26.000000,34.000000,9.195695
27.000000,34.000000,8.999219
28.000000,34.000000,8.780044
29.000000,34.000000,8.539107
30.000000,34.000000,8.277984
31.000000,34.000000,7.998890
32.000000,34.000000,7.704650
33.000000,34.000000,7.398654
34.000000,34.000000,7.084791
35.000000,34.000000,6.767364
36.000000,34.000000,6.451001
37.000000,34.000000,6.140936
38.000000,34.000000,5.841729
39.000000,34.000000,5.553681
0.000000,35.000000,8.659533
1.000000,35.000000,8.862466
2.000000,35.000000,9.049428
3.000000,35.000000,9.215789
4.000000,35.000000,9.360671
5.000000,35.000000,9.485537
6.000000,35.000000,9.591427
7.000000,35.000000,9.679621
8.000000,35.000000,9.751550
9.000000,35.000000,9.808684
10.000000,35.000000,9.852437
11.000000,35.000000,9.884072
12.000000,35.000000,9.904617
13.000000,35.000000,9.914798
14.000000,35.000000,9.914996
15.000000,35.000000,9.905217
16.000000,35.000000,9.885097
17.000000,35.000000,9.853921
18.000000,35.000000,9.810674
19.000000,35.000000,9.754099
20.000000,35.000000,9.682787
21.000000,35.000000,9.595268
22.000000,35.000000,9.490110
23.000000,35.000000,9.366021
24.000000,35.000000,9.221952
25.000000,35.000000,9.057185
26.000000,35.000000,8.871417
27.000000,35.000000,8.664821
28.000000,35.000000,8.438099
29.000000,35.000000,8.192510
30.000000,35.000000,7.929881
31.000000,35.000000,7.652599
32.000000,35.000000,7.363581
33.000000,35.000000,7.066228
34.000000,35.000000,6.764364
35.000000,35.000000,6.462156
36.000000,35.000000,6.164024
37.000000,35.000000,5.875025
38.000000,35.000000,5.599248
39.000000,35.000000,5.336272
0.000000,36.000000,8.297939
1.000000,36.000000,8.506839
2.000000,36.000000,8.701366
3.000000,36.000000,8.877060
4.000000,36.000000,9.032686
5.000000,36.000000,9.169168
6.000000,36.000000,9.287050
7.000000,36.000000,9.387115
8.000000,36.000000,9.470305
9.000000,36.000000,9.537632
10.000000,36.000000,9.590096
11.000000,36.000000,9.628607
12.000000,36.000000,9.653913
13.000000,36.000000,9.666549
14.000000,36.000000,9.666795
15.000000,36.000000,9.654656
16.000000,36.000000,9.629863
17.000000,36.000000,9.591891
18.000000,36.000000,9.539999
19.000000,36.000000,9.473283
20.000000,36.000000,9.390745
21.000000,36.000000,9.291370
22.000000,36.000000,9.174214
23.000000,36.000000,9.038486
24.000000,36.000000,8.883629
25.000000,36.000000,8.709402
26.000000,36.000000,8.515942
27.000000,36.000000,8.303819
28.000000,36.000000,8.074076
29.000000,36.000000,7.828248
30.000000,36.000000,7.568371
31.000000,36.000000,7.296964
32.000000,36.000000,7.017006
33.000000,36.000000,6.731883
34.000000,36.000000,6.445332
35.000000,36.000000,6.161367
36.000000,36.000000,5.884188
37.000000,36.000000,5.618654
38.000000,36.000000,5.368398
39.000000,36.000000,5.132345
0.000000,37.000000,7.916155
1.000000,37.000000,8.126504
2.000000,37.000000,8.324075
3.000000,37.000000,8.504619
4.000000,37.000000,8.666612
5.000000,37.000000,8.810504
6.000000,37.000000,8.936411
7.000000,37.000000,9.044688
8.000000,37.000000,9.135854
9.000000,37.000000,9.210525
10.000000,37.000000,9.269343
11.000000,37.000000,9.312913
12.000000,37.000000,9.341744
13.000000,37.000000,9.356203
14.000000,37.000000,9.356485
15.000000,37.000000,9.342593
16.000000,37.000000,9.314340
17.000000,37.000000,9.271366
18.000000,37.000000,9.213166
19.000000,37.000000,9.139139
20.000000,37.000000,9.048643
21.000000,37.000000,8.941058
22.000000,37.000000,8.815861
23.000000,37.000000,8.672689
24.000000,37.000000,8.511416
25.000000,37.000000,8.332207
26.000000,37.000000,8.135579
27.000000,37.000000,7.922436
28.000000,37.000000,7.694107
29.000000,37.000000,7.452354
30.000000,37.000000,7.199374
31.000000,37.000000,6.937784
32.000000,37.000000,6.670586
33.000000,37.000000,6.401127
34.000000,37.000000,6.133033
35.000000,37.000000,5.870144
36.000000,37.000000,5.616433
37.000000,37.000000,5.376537
38.000000,37.000000,5.153648
39.000000,37.000000,4.946107
0.000000,38.000000,7.522379
1.000000,38.000000,7.730190
2.000000,38.000000,7.926808
3.000000,38.000000,8.108236
4.000000,38.000000,8.272720
5.000000,38.000000,8.420297
6.000000,38.000000,8.550718
7.000000,38.000000,8.663967
8.000000,38.000000,8.760202
9.000000,38.000000,8.839697
10.000000,38.000000,8.902786
11.000000,38.000000,8.949811
12.000000,38.000000,8.981074
13.000000,38.000000,8.996798
14.000000,38.000000,8.997105
15.000000,38.000000,8.981996
16.000000,38.000000,8.951356
17.000000,38.000000,8.904964
18.000000,38.000000,8.842521
19.000000,38.000000,8.763686
20.000000,38.000000,8.668124
21.000000,38.000000,8.555556
22.000000,38.000000,8.425820
23.000000,38.000000,8.278924
24.000000,38.000000,8.115105
25.000000,38.000000,7.934878
26.000000,38.000000,7.739077
27.000000,38.000000,7.528891
28.000000,38.000000,7.305878
29.000000,38.000000,7.071983
30.000000,38.000000,6.829522
31.000000,38.000000,6.581169
32.000000,38.000000,6.329923
33.000000,38.000000,6.079060
34.000000,38.000000,5.832075
35.000000,38.000000,5.592620
36.000000,38.000000,5.364425
37.000000,38.000000,5.151889
38.000000,38.000000,4.957778
39.000000,38.000000,4.779920
0.000000,39.000000,7.123387
1.000000,39.000000,7.325743
2.000000,39.000000,7.518483
3.000000,39.000000,7.697885
4.000000,39.000000,7.862015
5.000000,39.000000,8.010540
6.000000,39.000000,8.142895
7.000000,39.000000,8.258736
8.000000,39.000000,8.357904
9.000000,39.000000,8.440371
10.000000,39.000000,8.506200
11.000000,39.000000,8.555502
12.000000,39.000000,8.588394
13.000000,39.000000,8.604975
14.000000,39.000000,8.605298
15.000000,39.000000,8.589366
16.000000,39.000000,8.557125
17.000000,39.000000,8.508479
18.000000,39.000000,8.443310
19.000000,39.000000,8.361507
20.000000,39.000000,8.263005
21.000000,39.000000,8.147826
22.000000,39.000000,8.016124
23.000000,39.000000,7.868234
24.000000,39.000000,7.704711
25.000000,39.000000,7.526372
26.000000,39.000000,7.334328
27.000000,39.000000,7.130005
28.000000,39.000000,6.915157
29.000000,39.000000,6.691869
30.000000,39.000000,6.462549
31.000000,39.000000,6.229899
32.000000,39.000000,5.996887
33.000000,39.000000,5.766699
34.000000,39.000000,5.542686
35.000000,39.000000,5.328296
36.000000,39.000000,5.127008
37.000000,39.000000,4.942970
38.000000,39.000000,4.778534
39.000000,39.000000,4.631068