0.000000,0.000000,10.364611
1.000000,0.000000,10.427107
2.000000,0.000000,10.520895
3.000000,0.000000,10.639746
4.000000,0.000000,10.760040
5.000000,0.000000,10.857030
6.000000,0.000000,10.911262
7.000000,0.000000,10.910427
8.000000,0.000000,10.850578
9.000000,0.000000,10.735914
10.000000,0.000000,10.577396
11.000000,0.000000,10.390626
12.000000,0.000000,10.193416
13.000000,0.000000,10.003436
14.000000,0.000000,9.836251
15.000000,0.000000,9.703897
16.000000,0.000000,9.614082
17.000000,0.000000,9.569967
18.000000,0.000000,9.570427
19.000000,0.000000,9.610660
20.000000,0.000000,9.683010
21.000000,0.000000,9.777862
22.000000,0.000000,9.884531
23.000000,0.000000,9.992069
24.000000,0.000000,10.089944
25.000000,0.000000,10.168609
26.000000,0.000000,10.219921
27.000000,0.000000,10.237460
28.000000,0.000000,10.216735
29.000000,0.000000,10.155297
30.000000,0.000000,10.052777
31.000000,0.000000,9.910831
32.000000,0.000000,9.733001
33.000000,0.000000,9.524490
34.000000,0.000000,9.291821
35.000000,0.000000,9.042398
36.000000,0.000000,8.783956
37.000000,0.000000,8.524100
38.000000,0.000000,8.269175
39.000000,0.000000,8.020952
0.000000,1.000000,10.477192
1.000000,1.000000,10.593363
2.000000,1.000000,10.711991
3.000000,1.000000,10.813373
4.000000,1.000000,10.868778
5.000000,1.000000,10.859021
6.000000,1.000000,10.773697
7.000000,1.000000,10.612916
8.000000,1.000000,10.386599
9.000000,1.000000,10.112448
10.000000,1.000000,9.813105
11.000000,1.000000,9.513047
12.000000,1.000000,9.235695
13.000000,1.000000,9.001053
14.000000,1.000000,8.824090
15.000000,1.000000,8.713910
16.000000,1.000000,8.673645
17.000000,1.000000,8.700937
18.000000,1.000000,8.788827
19.000000,1.000000,8.926856
20.000000,1.000000,9.102232
21.000000,1.000000,9.300915
22.000000,1.000000,9.508578
23.000000,1.000000,9.711373
24.000000,1.000000,9.896540
25.000000,1.000000,10.052835
26.000000,1.000000,10.170847
27.000000,1.000000,10.243198
28.000000,1.000000,10.264682
29.000000,1.000000,10.232339
30.000000,1.000000,10.145493
31.000000,1.000000,10.005746
32.000000,1.000000,9.816917
33.000000,1.000000,9.584928
34.000000,1.000000,9.317595
35.000000,1.000000,9.024306
36.000000,1.000000,8.715573
37.000000,1.000000,8.402665
38.000000,1.000000,8.096443
39.000000,1.000000,7.800976
0.000000,2.000000,10.655604
1.000000,2.000000,10.788102
2.000000,2.000000,10.886840
3.000000,2.000000,10.920931
4.000000,2.000000,10.862894
5.000000,2.000000,10.705139
6.000000,2.000000,10.450877
7.000000,2.000000,10.115452
8.000000,2.000000,9.723578
9.000000,2.000000,9.305628
10.000000,2.000000,8.893698
11.000000,2.000000,8.517998
12.000000,2.000000,8.203995
13.000000,2.000000,7.970503
14.000000,2.000000,7.828766
15.000000,2.000000,7.782447
16.000000,2.000000,7.828335
17.000000,2.000000,7.957544
18.000000,2.000000,8.156958
19.000000,2.000000,8.410713
20.000000,2.000000,8.701553
21.000000,2.000000,9.011966
22.000000,2.000000,9.325060
23.000000,2.000000,9.625188
24.000000,2.000000,9.898365
25.000000,2.000000,10.132518
26.000000,2.000000,10.317634
27.000000,2.000000,10.445831
28.000000,2.000000,10.511402
29.000000,2.000000,10.510851
30.000000,2.000000,10.442930
31.000000,2.000000,10.308681
32.000000,2.000000,10.111475
33.000000,2.000000,9.857031
34.000000,2.000000,9.553382
35.000000,2.000000,9.210751
36.000000,2.000000,8.841300
37.000000,2.000000,8.458740
38.000000,2.000000,8.078138
39.000000,2.000000,7.707120
0.000000,3.000000,10.879683
1.000000,3.000000,10.971026
2.000000,3.000000,10.988557
3.000000,3.000000,10.895197
4.000000,3.000000,10.673124
5.000000,3.000000,10.332522
6.000000,3.000000,9.894031
7.000000,3.000000,9.389369
8.000000,3.000000,8.856668
9.000000,3.000000,8.335615
10.000000,3.000000,7.863113
11.000000,3.000000,7.469938
12.000000,3.000000,7.178597
13.000000,3.000000,7.002387
14.000000,3.000000,6.945506
15.000000,3.000000,7.003998
16.000000,3.000000,7.167253
17.000000,3.000000,7.419795
18.000000,3.000000,7.743090
19.000000,3.000000,8.117186
20.000000,3.000000,8.522032
21.000000,3.000000,8.938452
22.000000,3.000000,9.348778
23.000000,3.000000,9.737197
24.000000,3.000000,10.089912
25.000000,3.000000,10.395157
26.000000,3.000000,10.643164
27.000000,3.000000,10.826102
28.000000,3.000000,10.938035
29.000000,3.000000,10.974916
30.000000,3.000000,10.934617
31.000000,3.000000,10.817021
32.000000,3.000000,10.624138
33.000000,3.000000,10.360270
34.000000,3.000000,10.032155
35.000000,3.000000,9.649099
36.000000,3.000000,9.222996
37.000000,3.000000,8.767759
38.000000,3.000000,8.301309
39.000000,3.000000,7.835893
0.000000,4.000000,11.085845
1.000000,4.000000,11.071730
2.000000,4.000000,10.948636
3.000000,4.000000,10.680668
4.000000,4.000000,10.267318
5.000000,4.000000,9.739540
6.000000,4.000000,9.135582
7.000000,4.000000,8.500730
8.000000,4.000000,7.881477
9.000000,4.000000,7.320479
10.000000,4.000000,6.852839
11.000000,4.000000,6.503893
12.000000,4.000000,6.288419
13.000000,4.000000,6.210988
14.000000,4.000000,6.267146
15.000000,4.000000,6.445146
16.000000,4.000000,6.727958
17.000000,4.000000,7.095317
18.000000,4.000000,7.525581
19.000000,4.000000,7.997231
20.000000,4.000000,8.489927
21.000000,4.000000,8.985135
22.000000,4.000000,9.466399
23.000000,4.000000,9.919370
24.000000,4.000000,10.331694
25.000000,4.000000,10.692836
26.000000,4.000000,10.993911
27.000000,4.000000,11.227539
28.000000,4.000000,11.387760
29.000000,4.000000,11.469994
30.000000,4.000000,11.471075
31.000000,4.000000,11.389339
32.000000,4.000000,11.224791
33.000000,4.000000,10.979332
34.000000,4.000000,10.657044
35.000000,4.000000,10.264520
36.000000,4.000000,9.811180
37.000000,4.000000,9.308316
38.000000,4.000000,8.774175
39.000000,4.000000,8.225602
0.000000,5.000000,11.209953
1.000000,5.000000,11.039319
2.000000,5.000000,10.737357
3.000000,5.000000,10.276924
4.000000,5.000000,9.679009
5.000000,5.000000,8.993658
6.000000,5.000000,8.272620
7.000000,5.000000,7.568338
8.000000,5.000000,6.928130
9.000000,5.000000,6.390147
10.000000,5.000000,5.981299
11.000000,5.000000,5.716888
12.000000,5.000000,5.601468
13.000000,5.000000,5.630415
14.000000,5.000000,5.791811
15.000000,5.000000,6.068449
16.000000,5.000000,6.439839
17.000000,5.000000,6.884101
18.000000,5.000000,7.379565
19.000000,5.000000,7.905921
20.000000,5.000000,8.444870
21.000000,5.000000,8.980339
22.000000,5.000000,9.498393
23.000000,5.000000,9.986991
24.000000,5.000000,10.435706
25.000000,5.000000,10.835463
26.000000,5.000000,11.178344
27.000000,5.000000,11.457454
28.000000,5.000000,11.666844
29.000000,5.000000,11.801483
30.000000,5.000000,11.857268
31.000000,5.000000,11.831088
32.000000,5.000000,11.720935
33.000000,5.000000,11.526108
34.000000,5.000000,11.247502
35.000000,5.000000,10.888012
36.000000,5.000000,10.453030
37.000000,5.000000,9.948983
38.000000,5.000000,9.391604
39.000000,5.000000,8.801015
0.000000,6.000000,11.205812
1.000000,6.000000,10.849825
2.000000,6.000000,10.358253
3.000000,6.000000,9.718886
4.000000,6.000000,8.974026
5.000000,6.000000,8.186666
6.000000,6.000000,7.414368
7.000000,6.000000,6.707968
8.000000,6.000000,6.107150
9.000000,6.000000,5.638627
10.000000,6.000000,5.316530
11.000000,6.000000,5.144253
12.000000,6.000000,5.116853
13.000000,6.000000,5.223287
14.000000,6.000000,5.448188
15.000000,6.000000,5.773293
16.000000,6.000000,6.178817
17.000000,6.000000,6.644842
18.000000,6.000000,7.152517
19.000000,6.000000,7.684840
20.000000,6.000000,8.226918
21.000000,6.000000,8.765834
22.000000,6.000000,9.290313
23.000000,6.000000,9.790359
24.000000,6.000000,10.256964
25.000000,6.000000,10.681926
26.000000,6.000000,11.057764
27.000000,6.000000,11.377700
28.000000,6.000000,11.635664
29.000000,6.000000,11.826302
30.000000,6.000000,11.944968
31.000000,6.000000,11.987701
32.000000,6.000000,11.951216
33.000000,6.000000,11.832941
34.000000,6.000000,11.631160
35.000000,6.000000,11.345295
36.000000,6.000000,10.976383
37.000000,6.000000,10.525072
38.000000,6.000000,10.002273
39.000000,6.000000,9.429046
0.000000,7.000000,11.053530
1.000000,7.000000,10.511908
2.000000,7.000000,9.850106
3.000000,7.000000,9.074169
4.000000,7.000000,8.242819
5.000000,7.000000,7.422382
6.000000,7.000000,6.666417
7.000000,7.000000,6.014855
8.000000,7.000000,5.492346
9.000000,7.000000,5.109571
10.000000,7.000000,4.866532
11.000000,7.000000,4.756516
12.000000,7.000000,4.769471
13.000000,7.000000,4.893906
14.000000,7.000000,5.117301
15.000000,7.000000,5.425831
16.000000,7.000000,5.804494
17.000000,7.000000,6.237965
18.000000,7.000000,6.711666
19.000000,7.000000,7.212417
20.000000,7.000000,7.728495
21.000000,7.000000,8.249323
22.000000,7.000000,8.765065
23.000000,7.000000,9.266343
24.000000,7.000000,9.744134
25.000000,7.000000,10.189818
26.000000,7.000000,10.595332
27.000000,7.000000,10.953348
28.000000,7.000000,11.257415
29.000000,7.000000,11.502024
30.000000,7.000000,11.682577
31.000000,7.000000,11.795257
32.000000,7.000000,11.836829
33.000000,7.000000,11.804425
34.000000,7.000000,11.695382
35.000000,7.000000,11.507212
36.000000,7.000000,11.237809
37.000000,7.000000,10.882975
38.000000,7.000000,10.447871
39.000000,7.000000,9.951755
0.000000,8.000000,10.763090
1.000000,8.000000,10.064443
2.000000,8.000000,9.278239
3.000000,8.000000,8.428332
4.000000,8.000000,7.580966
5.000000,8.000000,6.794528
6.000000,8.000000,6.108632
7.000000,8.000000,5.544580
8.000000,8.000000,5.107463
9.000000,8.000000,4.791014
10.000000,8.000000,4.583657
11.000000,8.000000,4.474075
12.000000,8.000000,4.454704
13.000000,8.000000,4.522036
14.000000,8.000000,4.673947
15.000000,8.000000,4.906194
16.000000,8.000000,5.210893
17.000000,8.000000,5.577560
18.000000,8.000000,5.994976
19.000000,8.000000,6.452236
20.000000,8.000000,6.938834
21.000000,8.000000,7.444311
22.000000,8.000000,7.957969
23.000000,8.000000,8.468846
24.000000,8.000000,8.965951
25.000000,8.000000,9.438653
26.000000,8.000000,9.877134
27.000000,8.000000,10.272780
28.000000,8.000000,10.618476
29.000000,8.000000,10.908729
30.000000,8.000000,11.139615
31.000000,8.000000,11.308551
32.000000,8.000000,11.413907
33.000000,8.000000,11.454503
34.000000,8.000000,11.429078
35.000000,8.000000,11.335806
36.000000,8.000000,11.172023
37.000000,8.000000,10.931458
38.000000,8.000000,10.614483
39.000000,8.000000,10.236247
0.000000,9.000000,10.371330
1.000000,9.000000,9.567827
2.000000,9.000000,8.720693
3.000000,9.000000,7.867267
4.000000,9.000000,7.069992
5.000000,9.000000,6.368638
6.000000,9.000000,5.780977
7.000000,9.000000,5.305385
8.000000,9.000000,4.927033
9.000000,9.000000,4.625940
10.000000,9.000000,4.385033
11.000000,9.000000,4.196491
12.000000,9.000000,4.064672
13.000000,9.000000,4.003788
14.000000,9.000000,4.029926
15.000000,9.000000,4.151725
16.000000,9.000000,4.367114
17.000000,9.000000,4.667002
18.000000,9.000000,5.039890
19.000000,9.000000,5.473819
20.000000,9.000000,5.956366
21.000000,9.000000,6.474240
22.000000,9.000000,7.013217
23.000000,9.000000,7.558488
24.000000,9.000000,8.095305
25.000000,9.000000,8.609714
26.000000,9.000000,9.089259
27.000000,9.000000,9.523542
28.000000,9.000000,9.904607
29.000000,9.000000,10.227106
30.000000,9.000000,10.488236
31.000000,9.000000,10.687461
32.000000,9.000000,10.825997
33.000000,9.000000,10.906108
34.000000,9.000000,10.930238
35.000000,9.000000,10.900085
36.000000,9.000000,10.815727
37.000000,9.000000,10.672806
38.000000,9.000000,10.469759
39.000000,9.000000,10.216534
0.000000,10.000000,9.933701
1.000000,10.000000,9.091559
2.000000,10.000000,8.252864
3.000000,10.000000,7.460959
4.000000,10.000000,6.762862
5.000000,10.000000,6.171873
6.000000,10.000000,5.679904
7.000000,10.000000,5.262771
8.000000,10.000000,4.889959
9.000000,10.000000,4.534705
10.000000,10.000000,4.182633
11.000000,10.000000,3.837858
12.000000,10.000000,3.525462
13.000000,10.000000,3.287261
14.000000,10.000000,3.165923
15.000000,10.000000,3.183281
16.000000,10.000000,3.335561
17.000000,10.000000,3.606970
18.000000,10.000000,3.980209
19.000000,10.000000,4.438417
20.000000,10.000000,4.964115
21.000000,10.000000,5.538531
22.000000,10.000000,6.141823
23.000000,10.000000,6.753862
24.000000,10.000000,7.355236
25.000000,10.000000,7.928213
26.000000,10.000000,8.457541
27.000000,10.000000,8.931034
28.000000,10.000000,9.339946
29.000000,10.000000,9.679125
30.000000,10.000000,9.946967
31.000000,10.000000,10.145157
32.000000,10.000000,10.278183
33.000000,10.000000,10.352584
34.000000,10.000000,10.375955
35.000000,10.000000,10.355703
36.000000,10.000000,10.297675
37.000000,10.000000,10.203535
38.000000,10.000000,10.073901
39.000000,10.000000,9.914191
0.000000,11.000000,9.513125
1.000000,11.000000,8.701136
2.000000,11.000000,7.934082
3.000000,11.000000,7.252022
4.000000,11.000000,6.676878
5.000000,11.000000,6.192167
6.000000,11.000000,5.764931
7.000000,11.000000,5.353788
8.000000,11.000000,4.920903
9.000000,11.000000,4.442153
10.000000,11.000000,3.914243
11.000000,11.000000,3.358979
12.000000,11.000000,2.826190
13.000000,11.000000,2.393482
14.000000,11.000000,2.143556
15.000000,11.000000,2.108503
16.000000,11.000000,2.263423
17.000000,11.000000,2.573666
18.000000,11.000000,3.011857
19.000000,11.000000,3.554007
20.000000,11.000000,4.175717
21.000000,11.000000,4.851345
22.000000,11.000000,5.554732
23.000000,11.000000,6.260417
24.000000,11.000000,6.944825
25.000000,11.000000,7.587213
26.000000,11.000000,8.170332
27.000000,11.000000,8.680839
28.000000,11.000000,9.109519
29.000000,11.000000,9.451376
30.000000,11.000000,9.705612
31.000000,11.000000,9.875497
32.000000,11.000000,9.968064
33.000000,11.000000,9.993577
34.000000,11.000000,9.964669
35.000000,11.000000,9.895113
36.000000,11.000000,9.798208
37.000000,11.000000,9.684565
38.000000,11.000000,9.561284
39.000000,11.000000,9.431707
0.000000,12.000000,9.168573
1.000000,12.000000,8.447057
2.000000,12.000000,7.798698
3.000000,12.000000,7.250881
4.000000,12.000000,6.794610
5.000000,12.000000,6.385712
6.000000,12.000000,5.972508
7.000000,12.000000,5.506112
8.000000,12.000000,4.952585
9.000000,12.000000,4.300869
10.000000,12.000000,3.565947
11.000000,12.000000,2.788650
12.000000,12.000000,2.037147
13.000000,12.000000,1.423580
14.000000,12.000000,1.100929
15.000000,12.000000,1.106948
16.000000,12.000000,1.351854
17.000000,12.000000,1.773746
18.000000,12.000000,2.337876
19.000000,12.000000,3.013679
20.000000,12.000000,3.769599
21.000000,12.000000,4.573393
22.000000,12.000000,5.393662
23.000000,12.000000,6.201319
24.000000,12.000000,6.970644
25.000000,12.000000,7.679873
26.000000,12.000000,8.311450
27.000000,12.000000,8.852054
28.000000,12.000000,9.292558
29.000000,12.000000,9.627993
30.000000,12.000000,9.857569
31.000000,12.000000,9.984749
32.000000,12.000000,10.017287
33.000000,12.000000,9.967135
34.000000,12.000000,9.850059
35.000000,12.000000,9.684801
36.000000,12.000000,9.491662
37.000000,12.000000,9.290820
38.000000,12.000000,9.099024
39.000000,12.000000,8.921291
0.000000,13.000000,8.945634
1.000000,13.000000,8.357849
2.000000,13.000000,7.852894
3.000000,13.000000,7.437701
4.000000,13.000000,7.071553
5.000000,13.000000,6.689938
6.000000,13.000000,6.232864
7.000000,13.000000,5.656363
8.000000,13.000000,4.942514
9.000000,13.000000,4.103085
10.000000,13.000000,3.177122
11.000000,13.000000,2.224506
12.000000,13.000000,1.320533
13.000000,13.000000,0.592773
14.000000,13.000000,0.277272
15.000000,13.000000,0.411270
16.000000,13.000000,0.808683
17.000000,13.000000,1.386925
18.000000,13.000000,2.108793
19.000000,13.000000,2.936913
20.000000,13.000000,3.832924
21.000000,13.000000,4.759713
22.000000,13.000000,5.683377
23.000000,13.000000,6.574391
24.000000,13.000000,7.408043
25.000000,13.000000,8.164328
26.000000,13.000000,8.827554
27.000000,13.000000,9.385863
28.000000,13.000000,9.830860
29.000000,13.000000,10.157429
30.000000,13.000000,10.363797
31.000000,13.000000,10.451832
32.000000,13.000000,10.427503
33.000000,13.000000,10.301372
34.000000,13.000000,10.088929
35.000000,13.000000,9.810520
36.000000,13.000000,9.490623
37.000000,13.000000,9.156711
38.000000,13.000000,8.836053
39.000000,13.000000,8.539407
0.000000,14.000000,8.870605
1.000000,14.000000,8.437876
2.000000,14.000000,8.077015
3.000000,14.000000,7.769689
4.000000,14.000000,7.447927
5.000000,14.000000,7.038338
6.000000,14.000000,6.485534
7.000000,14.000000,5.763322
8.000000,14.000000,4.880371
9.000000,14.000000,3.878170
10.000000,14.000000,2.823084
11.000000,14.000000,1.795916
12.000000,14.000000,0.886042
13.000000,14.000000,0.221612
14.000000,14.000000,0.000861
15.000000,14.000000,0.244216
16.000000,14.000000,0.780076
17.000000,14.000000,1.509208
18.000000,14.000000,2.376219
19.000000,14.000000,3.332537
20.000000,14.000000,4.333776
21.000000,14.000000,5.341074
22.000000,14.000000,6.321993
23.000000,14.000000,7.250548
24.000000,14.000000,8.106532
25.000000,14.000000,8.874481
26.000000,14.000000,9.542564
27.000000,14.000000,10.101629
28.000000,14.000000,10.544540
29.000000,14.000000,10.865875
30.000000,14.000000,11.062019
31.000000,14.000000,11.131635
32.000000,14.000000,11.076478
33.000000,14.000000,10.902447
34.000000,14.000000,10.620711
35.000000,14.000000,10.248621
36.000000,14.000000,9.810087
37.000000,14.000000,9.334908
38.000000,14.000000,8.858778
39.000000,14.000000,8.401364
0.000000,15.000000,8.948630
1.000000,15.000000,8.669612
2.000000,15.000000,8.432103
3.000000,15.000000,8.191456
4.000000,15.000000,7.861505
5.000000,15.000000,7.373684
6.000000,15.000000,6.690379
7.000000,15.000000,5.813972
8.000000,15.000000,4.786265
9.000000,15.000000,3.680012
10.000000,15.000000,2.586084
11.000000,15.000000,1.601104
12.000000,15.000000,0.821869
13.000000,15.000000,0.352680
14.000000,15.000000,0.293353
15.000000,15.000000,0.639073
16.000000,15.000000,1.281046
17.000000,15.000000,2.118279
18.000000,15.000000,3.076077
19.000000,15.000000,4.095807
20.000000,15.000000,5.130874
21.000000,15.000000,6.145401
22.000000,15.000000,7.112971
23.000000,15.000000,8.014908
24.000000,15.000000,8.838297
25.000000,15.000000,9.574059
26.000000,15.000000,10.215318
27.000000,15.000000,10.756178
28.000000,15.000000,11.190958
29.000000,15.000000,11.513856
30.000000,15.000000,11.719038
31.000000,15.000000,11.801148
32.000000,15.000000,11.756255
33.000000,15.000000,11.583226
34.000000,15.000000,11.285445
35.000000,15.000000,10.872677
36.000000,15.000000,10.362718
37.000000,15.000000,9.781020
38.000000,15.000000,9.166708
39.000000,15.000000,8.549502
0.000000,16.000000,9.165562
1.000000,16.000000,9.019187
2.000000,16.000000,8.868663
3.000000,16.000000,8.645876
4.000000,16.000000,8.258684
5.000000,16.000000,7.657113
6.000000,16.000000,6.832480
7.000000,16.000000,5.822412
8.000000,16.000000,4.702698
9.000000,16.000000,3.572284
10.000000,16.000000,2.536275
11.000000,16.000000,1.691935
12.000000,16.000000,1.121076
13.000000,16.000000,0.886348
14.000000,16.000000,1.017246
15.000000,16.000000,1.483470
16.000000,16.000000,2.202901
17.000000,16.000000,3.083847
18.000000,16.000000,4.049248
19.000000,16.000000,5.040868
20.000000,16.000000,6.017516
21.000000,16.000000,6.952089
22.000000,16.000000,7.828235
23.000000,16.000000,8.636991
24.000000,16.000000,9.373769
25.000000,16.000000,10.035962
26.000000,16.000000,10.621242
27.000000,16.000000,11.126478
28.000000,16.000000,11.547160
29.000000,16.000000,11.877160
30.000000,16.000000,12.108788
31.000000,16.000000,12.233131
32.000000,16.000000,12.240792
33.000000,16.000000,12.123128
34.000000,16.000000,11.874114
35.000000,16.000000,11.492781
36.000000,16.000000,10.985981
37.000000,16.000000,10.368064
38.000000,16.000000,9.674569
39.000000,16.000000,8.943653
0.000000,17.000000,9.492544
1.000000,17.000000,9.443593
2.000000,17.000000,9.335615
3.000000,17.000000,9.083227
4.000000,17.000000,8.601869
5.000000,17.000000,7.871885
6.000000,17.000000,6.920872
7.000000,17.000000,5.823037
8.000000,17.000000,4.683038
9.000000,17.000000,3.615219
10.000000,17.000000,2.724017
11.000000,17.000000,2.090030
12.000000,17.000000,1.763404
13.000000,17.000000,1.761879
14.000000,17.000000,2.068507
15.000000,17.000000,2.630874
16.000000,17.000000,3.372504
17.000000,17.000000,4.214343
18.000000,17.000000,5.091147
19.000000,17.000000,5.957176
20.000000,17.000000,6.784939
21.000000,17.000000,7.561021
22.000000,17.000000,8.281247
23.000000,17.000000,8.946334
24.000000,17.000000,9.558589
25.000000,17.000000,10.119776
26.000000,17.000000,10.629997
27.000000,17.000000,11.087273
28.000000,17.000000,11.487476
29.000000,17.000000,11.824359
30.000000,17.000000,12.089526
31.000000,17.000000,12.272395
32.000000,17.000000,12.360313
33.000000,17.000000,12.339120
34.000000,17.000000,12.194483
35.000000,17.000000,11.914226
36.000000,17.000000,11.491676
37.000000,17.000000,10.925095
38.000000,17.000000,10.238906
39.000000,17.000000,9.475267
0.000000,18.000000,9.892000
1.000000,18.000000,9.897969
2.000000,18.000000,9.787727
3.000000,18.000000,9.467202
4.000000,18.000000,8.872368
5.000000,18.000000,8.021954
6.000000,18.000000,6.982335
7.000000,18.000000,5.860139
8.000000,18.000000,4.778737
9.000000,18.000000,3.853598
10.000000,18.000000,3.172724
11.000000,18.000000,2.785945
12.000000,18.000000,2.703498
13.000000,18.000000,2.901189
14.000000,18.000000,3.328495
15.000000,18.000000,3.918467
16.000000,18.000000,4.600259
17.000000,18.000000,5.312197
18.000000,18.000000,6.010365
19.000000,18.000000,6.670387
20.000000,18.000000,7.284021
21.000000,18.000000,7.853460
22.000000,18.000000,8.385661
23.000000,18.000000,8.887992
24.000000,18.000000,9.365644
25.000000,18.000000,9.820646
26.000000,18.000000,10.252018
27.000000,18.000000,10.656468
28.000000,18.000000,11.029125
29.000000,18.000000,11.363933
30.000000,18.000000,11.653532
31.000000,18.000000,11.888668
32.000000,18.000000,12.057364
33.000000,18.000000,12.144278
34.000000,18.000000,12.130794
35.000000,18.000000,11.996381
36.000000,18.000000,11.721608
37.000000,18.000000,11.287055
38.000000,18.000000,10.699824
39.000000,18.000000,9.999473
0.000000,19.000000,10.323742
1.000000,19.000000,10.341647
2.000000,19.000000,10.190510
3.000000,19.000000,9.777262
4.000000,19.000000,9.069096
5.000000,19.000000,8.126596
6.000000,19.000000,7.052349
7.000000,19.000000,5.976521
8.000000,19.000000,5.027730
9.000000,19.000000,4.307305
10.000000,19.000000,3.872985
11.000000,19.000000,3.734637
12.000000,19.000000,3.860781
13.000000,19.000000,4.191975
14.000000,19.000000,4.656365
15.000000,19.000000,5.183972
16.000000,19.000000,5.717891
17.000000,19.000000,6.221024
18.000000,19.000000,6.677360
19.000000,19.000000,7.088244
20.000000,19.000000,7.465685
21.000000,19.000000,7.825235
22.000000,19.000000,8.180390
23.000000,19.000000,8.539385
24.000000,19.000000,8.904384
25.000000,19.000000,9.272443
26.000000,19.000000,9.637420
27.000000,19.000000,9.992040
28.000000,19.000000,10.329517
29.000000,19.000000,10.644338
30.000000,19.000000,10.932054
31.000000,19.000000,11.188109
32.000000,19.000000,11.405947
33.000000,19.000000,11.574864
34.000000,19.000000,11.678269
35.000000,19.000000,11.693218
36.000000,19.000000,11.592011
37.000000,19.000000,11.340264
38.000000,19.000000,10.924602
39.000000,19.000000,10.374537
0.000000,20.000000,10.750180
1.000000,20.000000,10.742232
2.000000,20.000000,10.522257
3.000000,20.000000,10.007704
4.000000,20.000000,9.204228
5.000000,20.000000,8.212953
6.000000,20.000000,7.165635
7.000000,20.000000,6.203790
8.000000,20.000000,5.446554
9.000000,20.000000,4.967141
10.000000,20.000000,4.783016
11.000000,20.000000,4.860485
12.000000,20.000000,5.130298
13.000000,20.000000,5.508426
14.000000,20.000000,5.915948
15.000000,20.000000,6.293604
16.000000,20.000000,6.608992
17.000000,20.000000,6.856396
18.000000,20.000000,7.050819
19.000000,20.000000,7.218733
20.000000,20.000000,7.388460
21.000000,20.000000,7.582572
22.000000,20.000000,7.813624
23.000000,20.000000,8.083325
24.000000,20.000000,8.384395
25.000000,20.000000,8.703943
26.000000,20.000000,9.027229
27.000000,20.000000,9.340972
28.000000,20.000000,9.635654
29.000000,20.000000,9.906589
30.000000,20.000000,10.153655
31.000000,20.000000,10.379713
32.000000,20.000000,10.587856
33.000000,20.000000,10.777824
34.000000,20.000000,10.942244
35.000000,20.000000,11.063703
36.000000,20.000000,11.113857
37.000000,20.000000,11.050376
38.000000,20.000000,10.840482
39.000000,20.000000,10.497031
0.000000,21.000000,11.139996
1.000000,21.000000,11.077480
2.000000,21.000000,10.773535
3.000000,21.000000,10.164364
4.000000,21.000000,9.297308
5.000000,21.000000,8.308454
6.000000,21.000000,7.348384
7.000000,21.000000,6.556225
8.000000,21.000000,6.027679
9.000000,21.000000,5.796997
10.000000,21.000000,5.836323
11.000000,21.000000,6.070568
12.000000,21.000000,6.401816
13.000000,21.000000,6.735490
14.000000,21.000000,7.001245
15.000000,21.000000,7.164221
16.000000,21.000000,7.225698
17.000000,21.000000,7.215096
18.000000,21.000000,7.177017
19.000000,21.000000,7.157495
20.000000,21.000000,7.192911
21.000000,21.000000,7.303564
22.000000,21.000000,7.492267
23.000000,21.000000,7.746984
24.000000,21.000000,8.045861
25.000000,21.000000,8.362958
26.000000,21.000000,8.673426
27.000000,21.000000,8.957440
28.000000,21.000000,9.202677
29.000000,21.000000,9.405392
30.000000,21.000000,9.570167
31.000000,21.000000,9.708307
32.000000,21.000000,9.834810
33.000000,21.000000,9.963932
34.000000,21.000000,10.103726
35.000000,21.000000,10.250485
36.000000,21.000000,10.384593
37.000000,21.000000,10.466048
38.000000,21.000000,10.448328
39.000000,21.000000,10.323511
0.000000,22.000000,11.470101
1.000000,22.000000,11.335227
2.000000,22.000000,10.944866
3.000000,22.000000,10.260137
4.000000,22.000000,9.369333
5.000000,22.000000,8.434696
6.000000,22.000000,7.613499
7.000000,22.000000,7.029006
8.000000,22.000000,6.742006
9.000000,22.000000,6.741272
10.000000,22.000000,6.953943
11.000000,22.000000,7.270926
12.000000,22.000000,7.578671
13.000000,22.000000,7.787897
14.000000,22.000000,7.851986
15.000000,22.000000,7.771736
16.000000,22.000000,7.587468
17.000000,22.000000,7.362743
18.000000,22.000000,7.165396
19.000000,22.000000,7.051146
20.000000,22.000000,7.053271
21.000000,22.000000,7.179413
22.000000,22.000000,7.414554
23.000000,22.000000,7.727839
24.000000,22.000000,8.080713
25.000000,22.000000,8.434324
26.000000,22.000000,8.755078
27.000000,22.000000,9.018150
28.000000,22.000000,9.209323
29.000000,22.000000,9.325676
30.000000,22.000000,9.375439
31.000000,22.000000,9.376949
32.000000,22.000000,9.356270
33.000000,22.000000,9.342981
34.000000,22.000000,9.363934
35.000000,22.000000,9.435538
36.000000,22.000000,9.556069
37.000000,22.000000,9.699562
38.000000,22.000000,9.815379
39.000000,22.000000,9.874439
0.000000,23.000000,11.726011
1.000000,23.000000,11.511904
2.000000,23.000000,11.043472
3.000000,23.000000,10.310452
4.000000,23.000000,9.437950
5.000000,23.000000,8.603679
6.000000,23.000000,7.959238
7.000000,23.000000,7.600373
8.000000,23.000000,7.545119
9.000000,23.000000,7.735057
10.000000,23.000000,8.057577
11.000000,23.000000,8.380966
12.000000,23.000000,8.591177
13.000000,23.000000,8.619791
14.000000,23.000000,8.456497
15.000000,23.000000,8.144707
16.000000,23.000000,7.763917
17.000000,23.000000,7.405593
18.000000,23.000000,7.150006
19.000000,23.000000,7.049788
20.000000,23.000000,7.122999
21.000000,23.000000,7.355285
22.000000,23.000000,7.708397
23.000000,23.000000,8.131351
24.000000,23.000000,8.570922
25.000000,23.000000,8.979391
26.000000,23.000000,9.318977
27.000000,23.000000,9.563573
28.000000,23.000000,9.698970
29.000000,23.000000,9.722707
30.000000,23.000000,9.644144
31.000000,23.000000,9.484625
32.000000,23.000000,9.276893
33.000000,23.000000,9.062536
34.000000,23.000000,8.886429
35.000000,23.000000,8.787980
36.000000,23.000000,8.790307
37.000000,23.000000,8.892397
38.000000,23.000000,9.051644
39.000000,23.000000,9.221673
0.000000,24.000000,11.901033
1.000000,24.000000,11.610274
2.000000,24.000000,11.079911
3.000000,24.000000,10.329524
4.000000,24.000000,9.514420
5.000000,24.000000,8.816601
6.000000,24.000000,8.370802
7.000000,24.000000,8.236509
8.000000,24.000000,8.385311
9.000000,24.000000,8.714392
10.000000,24.000000,9.080494
11.000000,24.000000,9.342917
12.000000,24.000000,9.402277
13.000000,24.000000,9.224278
14.000000,24.000000,8.843255
15.000000,24.000000,8.346825
16.000000,24.000000,7.848314
17.000000,24.000000,7.456233
18.000000,24.000000,7.249494
19.000000,24.000000,7.263936
20.000000,24.000000,7.491475
21.000000,24.000000,7.889383
22.000000,24.000000,8.394923
23.000000,24.000000,8.940254
24.000000,24.000000,9.463855
25.000000,24.000000,9.916813
26.000000,24.000000,10.264387
27.000000,24.000000,10.484568
28.000000,24.000000,10.565774
29.000000,24.000000,10.505458
30.000000,24.000000,10.310494
31.000000,24.000000,9.999142
32.000000,24.000000,9.603351
33.000000,24.000000,9.169409
34.000000,24.000000,8.754881
35.000000,24.000000,8.420496
36.000000,24.000000,8.217334
37.000000,24.000000,8.177348
38.000000,24.000000,8.278639
39.000000,24.000000,8.465269
0.000000,25.000000,11.994730
1.000000,25.000000,11.636991
2.000000,25.000000,11.065214
3.000000,25.000000,10.327871
4.000000,25.000000,9.602458
5.000000,25.000000,9.064844
6.000000,25.000000,8.823908
7.000000,25.000000,8.897602
8.000000,25.000000,9.211391
9.000000,25.000000,9.624458
10.000000,25.000000,9.974309
11.000000,25.000000,10.125201
12.000000,25.000000,10.005688
13.000000,25.000000,9.624994
14.000000,25.000000,9.065309
15.000000,25.000000,8.454636
16.000000,25.000000,7.930111
17.000000,25.000000,7.603347
18.000000,25.000000,7.537125
19.000000,25.000000,7.737988
20.000000,25.000000,8.163844
21.000000,25.000000,8.741496
22.000000,25.000000,9.387153
23.000000,25.000000,10.023741
24.000000,25.000000,10.591282
25.000000,25.000000,11.049709
26.000000,25.000000,11.375882
27.000000,25.000000,11.557864
28.000000,25.000000,11.589498
29.000000,25.000000,11.467553
30.000000,25.000000,11.192463
31.000000,25.000000,10.772443
32.000000,25.000000,10.229433
33.000000,25.000000,9.604292
34.000000,25.000000,8.958037
35.000000,25.000000,8.366447
36.000000,25.000000,7.907031
37.000000,25.000000,7.648281
38.000000,25.000000,7.600093
39.000000,25.000000,7.707382
0.000000,26.000000,12.011110
1.000000,26.000000,11.600433
2.000000,26.000000,11.008882
3.000000,26.000000,10.311184
4.000000,26.000000,9.698689
5.000000,26.000000,9.332422
6.000000,26.000000,9.289208
7.000000,26.000000,9.543679
8.000000,26.000000,9.978827
9.000000,26.000000,10.424563
10.000000,26.000000,10.711167
11.000000,26.000000,10.720384
12.000000,26.000000,10.418631
13.000000,26.000000,9.863387
14.000000,26.000000,9.182824
15.000000,26.000000,8.536997
16.000000,26.000000,8.073803
17.000000,26.000000,7.893024
18.000000,26.000000,8.027730
19.000000,26.000000,8.445748
20.000000,26.000000,9.067433
21.000000,26.000000,9.791716
22.000000,26.000000,10.521426
23.000000,26.000000,11.180993
24.000000,26.000000,11.723534
25.000000,26.000000,12.128226
26.000000,26.000000,12.391569
27.000000,26.000000,12.516872
28.000000,26.000000,12.505704
29.000000,26.000000,12.353653
30.000000,26.000000,12.051401
31.000000,26.000000,11.590885
32.000000,26.000000,10.975051
33.000000,26.000000,10.228315
34.000000,26.000000,9.403636
35.000000,26.000000,8.581940
36.000000,26.000000,7.861117
37.000000,26.000000,7.344711
38.000000,26.000000,7.082127
39.000000,26.000000,7.030491
0.000000,27.000000,11.956895
1.000000,27.000000,11.509081
2.000000,27.000000,10.917819
3.000000,27.000000,10.280375
4.000000,27.000000,9.794212
5.000000,27.000000,9.599100
6.000000,27.000000,9.736570
7.000000,27.000000,10.139200
8.000000,27.000000,10.653504
9.000000,27.000000,11.089752
10.000000,27.000000,11.282078
11.000000,27.000000,11.139479
12.000000,27.000000,10.672065
13.000000,27.000000,9.985666
14.000000,27.000000,9.248342
15.000000,27.000000,8.640998
16.000000,27.000000,8.308298
17.000000,27.000000,8.324463
18.000000,27.000000,8.682355
19.000000,27.000000,9.305990
20.000000,27.000000,10.079317
21.000000,27.000000,10.880168
22.000000,27.000000,11.608556
23.000000,27.000000,12.202354
24.000000,27.000000,12.638782
25.000000,27.000000,12.924826
26.000000,27.000000,13.082216
27.000000,27.000000,13.132519
28.000000,27.000000,13.086173
29.000000,27.000000,12.937355
30.000000,27.000000,12.665257
31.000000,27.000000,12.241649
32.000000,27.000000,11.643776
33.000000,27.000000,10.869992
34.000000,27.000000,9.953562
35.000000,27.000000,8.968776
36.000000,27.000000,8.024405
37.000000,27.000000,7.252881
38.000000,27.000000,6.746362
39.000000,27.000000,6.484569
0.000000,28.000000,11.840120
1.000000,28.000000,11.370527
2.000000,28.000000,10.796112
3.000000,28.000000,10.232473
4.000000,28.000000,9.876710
5.000000,28.000000,9.843472
6.000000,28.000000,10.138503
7.000000,28.000000,10.655948
8.000000,28.000000,11.213053
9.000000,28.000000,11.609670
10.000000,28.000000,11.692742
11.000000,28.000000,11.404775
12.000000,28.000000,10.801229
13.000000,28.000000,10.032468
14.000000,28.000000,9.297616
15.000000,28.000000,8.786318
16.000000,28.000000,8.627203
17.000000,28.000000,8.858261
18.000000,28.000000,9.425974
19.000000,28.000000,10.210160
20.000000,28.000000,11.063682
21.000000,28.000000,11.852869
22.000000,28.000000,12.486481
23.000000,28.000000,12.926820
24.000000,28.000000,13.183596
25.000000,28.000000,13.296477
26.000000,28.000000,13.314163
27.000000,28.000000,13.276374
28.000000,28.000000,13.201988
29.000000,28.000000,13.083902
30.000000,28.000000,12.890278
31.000000,28.000000,12.572313
32.000000,28.000000,12.078717
33.000000,28.000000,11.375515
34.000000,28.000000,10.466666
35.000000,28.000000,9.408263
36.000000,28.000000,8.308724
37.000000,28.000000,7.319817
38.000000,28.000000,6.575022
39.000000,28.000000,6.084433
0.000000,29.000000,11.669130
1.000000,29.000000,11.191072
2.000000,29.000000,10.645441
3.000000,29.000000,10.161976
4.000000,29.000000,9.932620
5.000000,29.000000,10.045505
6.000000,29.000000,10.472413
7.000000,29.000000,11.074194
8.000000,29.000000,11.646204
9.000000,29.000000,11.985669
10.000000,29.000000,11.958435
11.000000,29.000000,11.543090
12.000000,29.000000,10.838440
13.000000,29.000000,10.032864
14.000000,29.000000,9.346714
15.000000,29.000000,8.967292
16.000000,29.000000,8.997335
17.000000,29.000000,9.432222
18.000000,29.000000,10.170615
19.000000,29.000000,11.051968
20.000000,29.000000,11.906227
21.000000,29.000000,12.598803
22.000000,29.000000,13.057733
23.000000,29.000000,13.277918
24.000000,29.000000,13.305895
25.000000,29.000000,13.214304
26.000000,29.000000,13.076227
27.000000,29.000000,12.946159
28.000000,29.000000,12.849380
29.000000,29.000000,12.778003
30.000000,29.000000,12.691905
31.000000,29.000000,12.525027
32.000000,29.000000,12.199215
33.000000,29.000000,11.646349
34.000000,29.000000,10.835126
35.000000,29.000000,9.794045
36.000000,29.000000,8.620231
37.000000,29.000000,7.473724
38.000000,29.000000,6.523932
39.000000,29.000000,5.815443
0.000000,30.000000,11.452002
1.000000,30.000000,10.975782
2.000000,30.000000,10.465872
3.000000,30.000000,10.062340
4.000000,30.000000,9.949017
5.000000,30.000000,10.188331
6.000000,30.000000,10.721664
7.000000,30.000000,11.382448
8.000000,30.000000,11.950859
9.000000,30.000000,12.227195
10.000000,30.000000,12.099187
11.000000,30.000000,11.580677
12.000000,30.000000,10.809038
13.000000,30.000000,10.002813
14.000000,30.000000,9.394350
15.000000,30.000000,9.160112
16.000000,30.000000,9.371173
17.000000,30.000000,9.978639
18.000000,30.000000,10.836252
19.000000,30.000000,11.749941
20.000000,30.000000,12.535992
21.000000,30.000000,13.068468
22.000000,30.000000,13.302411
23.000000,30.000000,13.269506
24.000000,30.000000,13.052976
25.000000,30.000000,12.754446
26.000000,30.000000,12.465211
27.000000,30.000000,12.248662
28.000000,30.000000,12.133262
29.000000,30.000000,12.111107
30.000000,30.000000,12.138209
31.000000,30.000000,12.137505
32.000000,30.000000,12.009521
33.000000,30.000000,11.654593
34.000000,30.000000,11.004555
35.000000,30.000000,10.054545
36.000000,30.000000,8.881624
37.000000,30.000000,7.643648
38.000000,30.000000,6.538010
39.000000,30.000000,5.643974
0.000000,31.000000,11.196307
1.000000,31.000000,10.728844
2.000000,31.000000,10.256786
3.000000,31.000000,9.927334
4.000000,31.000000,9.915034
5.000000,31.000000,10.259227
6.000000,31.000000,10.875643
7.000000,31.000000,11.576267
8.000000,31.000000,12.131590
9.000000,31.000000,12.348314
10.000000,31.000000,12.136050
11.000000,31.000000,11.540268
12.000000,31.000000,10.730357
13.000000,31.000000,9.947081
14.000000,31.000000,9.427411
15.000000,31.000000,9.332012
16.000000,31.000000,9.699024
17.000000,31.000000,10.438066
18.000000,31.000000,11.364190
19.000000,31.000000,12.258066
20.000000,31.000000,12.930785
21.000000,31.000000,13.271878
22.000000,31.000000,13.267100
23.000000,31.000000,12.984737
24.000000,31.000000,12.540700
25.000000,31.000000,12.058746
26.000000,31.000000,11.640462
27.000000,31.000000,11.351367
28.000000,31.000000,11.219565
29.000000,31.000000,11.237962
30.000000,31.000000,11.363614
31.000000,31.000000,11.515866
32.000000,31.000000,11.581625
33.000000,31.000000,11.435541
34.000000,31.000000,10.975113
35.000000,31.000000,10.160693
36.000000,31.000000,9.044158
37.000000,31.000000,7.773240
38.000000,31.000000,6.564562
39.000000,31.000000,5.528782
0.000000,32.000000,10.909115
1.000000,32.000000,10.454063
2.000000,32.000000,10.017792
3.000000,32.000000,9.752140
4.000000,32.000000,9.822768
5.000000,32.000000,10.249929
6.000000,32.000000,10.929146
7.000000,32.000000,11.656594
8.000000,32.000000,12.197120
9.000000,32.000000,12.364856
10.000000,32.000000,12.088720
11.000000,32.000000,11.440089
12.000000,32.000000,10.612952
13.000000,32.000000,9.863174
14.000000,32.000000,9.427525
15.000000,32.000000,9.449750
16.000000,32.000000,9.938057
17.000000,32.000000,10.767011
18.000000,32.000000,11.721259
19.000000,32.000000,12.564367
20.000000,32.000000,13.108375
21.000000,32.000000,13.261144
22.000000,32.000000,13.038285
23.000000,32.000000,12.540481
24.000000,32.000000,11.909760
25.000000,32.000000,11.284367
26.000000,32.000000,10.768865
27.000000,32.000000,10.425286
28.000000,32.000000,10.278587
29.000000,32.000000,10.323108
30.000000,32.000000,10.520847
31.000000,32.000000,10.793895
32.000000,32.000000,11.023066
33.000000,32.000000,11.064640
34.000000,32.000000,10.787510
35.000000,32.000000,10.120164
36.000000,32.000000,9.088652
37.000000,32.000000,7.826490
38.000000,32.000000,6.561658
39.000000,32.000000,5.430359
0.000000,33.000000,10.597124
1.000000,33.000000,10.155358
2.000000,33.000000,9.749486
3.000000,33.000000,9.534131
4.000000,33.000000,9.667750
5.000000,33.000000,10.156470
6.000000,33.000000,10.881403
7.000000,33.000000,11.628011
8.000000,33.000000,12.158133
9.000000,33.000000,12.292376
10.000000,33.000000,11.974365
11.000000,33.000000,11.294276
12.000000,33.000000,10.463061
13.000000,33.000000,9.745843
14.000000,33.000000,9.377025
15.000000,33.000000,9.485850
16.000000,33.000000,10.057149
17.000000,33.000000,10.939486
18.000000,33.000000,11.896298
19.000000,33.000000,12.680970
20.000000,33.000000,13.109465
21.000000,33.000000,13.106474
22.000000,33.000000,12.712191
23.000000,33.000000,12.052276
24.000000,33.000000,11.287154
25.000000,33.000000,10.563039
26.000000,33.000000,9.982868
27.000000,33.000000,9.602506
28.000000,33.000000,9.442653
29.000000,33.000000,9.499290
30.000000,33.000000,9.740931
31.000000,33.000000,10.095711
32.000000,33.000000,10.443625
33.000000,33.000000,10.629604
34.000000,33.000000,10.501652
35.000000,33.000000,9.963133
36.000000,33.000000,9.018167
37.000000,33.000000,7.786349
38.000000,33.000000,6.501125
39.000000,33.000000,5.316904
0.000000,34.000000,10.266820
1.000000,34.000000,9.837184
2.000000,34.000000,9.454000
3.000000,34.000000,9.273351
4.000000,34.000000,9.449071
5.000000,34.000000,9.978756
6.000000,34.000000,10.735020
7.000000,34.000000,11.497188
8.000000,34.000000,12.025580
9.000000,34.000000,12.144840
10.000000,34.000000,11.807305
11.000000,34.000000,11.113998
12.000000,34.000000,10.285333
13.000000,34.000000,9.591106
14.000000,34.000000,9.263442
15.000000,34.000000,9.422248
16.000000,34.000000,10.038108
17.000000,34.000000,10.944289
18.000000,34.000000,11.892318
19.000000,34.000000,12.630704
20.000000,34.000000,12.979188
21.000000,34.000000,12.873896
22.000000,34.000000,12.370731
23.000000,34.000000,11.610649
24.000000,34.000000,10.764660
25.000000,34.000000,9.982576
26.000000,34.000000,9.364774
27.000000,34.000000,8.961959
28.000000,34.000000,8.791541
29.000000,34.000000,8.850820
30.000000,34.000000,9.113549
31.000000,34.000000,9.513310
32.000000,34.000000,9.931321
33.000000,34.000000,10.206835
34.000000,34.000000,10.175668
35.000000,34.000000,9.725676
36.000000,34.000000,8.846804
37.000000,34.000000,7.648973
38.000000,34.000000,6.367500
39.000000,34.000000,5.167016
0.000000,35.000000,9.924588
1.000000,35.000000,9.504798
2.000000,35.000000,9.135334
3.000000,35.000000,8.972731
4.000000,35.000000,9.169318
5.000000,35.000000,9.720072
6.000000,35.000000,10.495057
7.000000,35.000000,11.271663
8.000000,35.000000,11.809483
9.000000,35.000000,11.933871
10.000000,35.000000,11.599087
11.000000,35.000000,10.908638
12.000000,35.000000,10.085089
13.000000,35.000000,9.399192
14.000000,35.000000,9.082310
15.000000,35.000000,9.251863
16.000000,35.000000,9.874804
17.000000,35.000000,10.780627
18.000000,35.000000,11.718092
19.000000,35.000000,12.434860
20.000000,35.000000,12.752135
21.000000,35.000000,12.609503
22.000000,35.000000,12.067407
23.000000,35.000000,11.271173
24.000000,35.000000,10.394855
25.000000,35.000000,9.589405
26.000000,35.000000,8.954669
27.000000,35.000000,8.540130
28.000000,35.000000,8.362510
29.000000,35.000000,8.419711
30.000000,35.000000,8.687171
31.000000,35.000000,9.100224
32.000000,35.000000,9.540679
33.000000,35.000000,9.846469
34.000000,35.000000,9.850255
35.000000,35.000000,9.435737
36.000000,35.000000,8.588930
37.000000,35.000000,7.416968
38.000000,35.000000,6.155156
39.000000,35.000000,4.970193
0.000000,36.000000,9.576719
1.000000,36.000000,9.164341
2.000000,36.000000,8.799451
3.000000,36.000000,8.638115
4.000000,36.000000,8.834400
5.000000,36.000000,9.386663
6.000000,36.000000,10.168357
7.000000,36.000000,10.959045
8.000000,36.000000,11.518192
9.000000,36.000000,11.668306
10.000000,36.000000,11.358581
11.000000,36.000000,10.686544
12.000000,36.000000,9.869657
13.000000,36.000000,9.176152
14.000000,36.000000,8.838520
15.000000,36.000000,8.978979
16.000000,36.000000,9.571840
17.000000,36.000000,10.454551
18.000000,36.000000,11.382172
19.000000,36.000000,12.105188
20.000000,36.000000,12.443348
21.000000,36.000000,12.331032
22.000000,36.000000,11.821456
23.000000,36.000000,11.053067
24.000000,36.000000,10.195551
25.000000,36.000000,9.399109
26.000000,36.000000,8.765955
27.000000,36.000000,8.349145
28.000000,36.000000,8.167797
29.000000,36.000000,8.219567
30.000000,36.000000,8.477370
31.000000,36.000000,8.873689
32.000000,36.000000,9.289504
33.000000,36.000000,9.565379
34.000000,36.000000,9.539912
35.000000,36.000000,9.104441
36.000000,36.000000,8.251961
37.000000,36.000000,7.094421
38.000000,36.000000,5.865721
39.000000,36.000000,4.726463
0.000000,37.000000,9.229512
1.000000,37.000000,8.822958
2.000000,37.000000,8.454164
3.000000,37.000000,8.277588
4.000000,37.000000,8.452105
5.000000,37.000000,8.985490
6.000000,37.000000,9.760730
7.000000,37.000000,10.564025
8.000000,37.000000,11.155723
9.000000,37.000000,11.352292
10.000000,37.000000,11.091042
11.000000,37.000000,10.454959
12.000000,37.000000,9.648753
13.000000,37.000000,8.934019
14.000000,37.000000,8.545516
15.000000,37.000000,8.616863
16.000000,37.000000,9.140301
17.000000,37.000000,9.972950
18.000000,37.000000,10.885715
19.000000,37.000000,11.636489
20.000000,37.000000,12.041830
21.000000,37.000000,12.023441
22.000000,37.000000,11.616429
23.000000,37.000000,10.941403
24.000000,37.000000,10.155775
25.000000,37.000000,9.405839
26.000000,37.000000,8.797353
27.000000,37.000000,8.390111
28.000000,37.000000,8.207811
29.000000,37.000000,8.247241
30.000000,37.000000,8.475815
31.000000,37.000000,8.820305
32.000000,37.000000,9.161042
33.000000,37.000000,9.346157
34.000000,37.000000,9.229461
35.000000,37.000000,8.721186
36.000000,37.000000,7.831175
37.000000,37.000000,6.682534
38.000000,37.000000,5.505283
39.000000,37.000000,4.445517
0.000000,38.000000,8.888441
1.000000,38.000000,8.488020
2.000000,38.000000,8.109282
3.000000,38.000000,7.903605
4.000000,38.000000,8.036918
5.000000,38.000000,8.531694
6.000000,38.000000,9.286225
7.000000,38.000000,10.097998
8.000000,38.000000,10.730068
9.000000,38.000000,10.990934
10.000000,38.000000,10.800559
11.000000,38.000000,10.219826
12.000000,38.000000,9.433249
13.000000,38.000000,8.690841
14.000000,38.000000,8.228962
15.000000,38.000000,8.196802
16.000000,38.000000,8.612670
17.000000,38.000000,9.363363
18.000000,38.000000,10.244786
19.000000,38.000000,11.028042
20.000000,38.000000,11.527454
21.000000,38.000000,11.648080
22.000000,38.000000,11.399423
23.000000,38.000000,10.875489
24.000000,38.000000,10.213724
25.000000,38.000000,9.551431
26.000000,38.000000,8.995667
27.000000,38.000000,8.612625
28.000000,38.000000,8.430787
29.000000,38.000000,8.445940
30.000000,38.000000,8.619759
31.000000,38.000000,8.874113
32.000000,38.000000,9.091860
33.000000,38.000000,9.134787
34.000000,38.000000,8.880179
35.000000,38.000000,8.265655
36.000000,38.000000,7.324229
37.000000,38.000000,6.192994
38.000000,38.000000,5.093763
39.000000,38.000000,4.150466
0.000000,39.000000,8.554904
1.000000,39.000000,8.162201
2.000000,39.000000,7.770336
3.000000,39.000000,7.526167
4.000000,39.000000,7.603897
5.000000,39.000000,8.044455
6.000000,39.000000,8.765841
7.000000,39.000000,9.580743
8.000000,39.000000,10.256993
9.000000,39.000000,10.594454
10.000000,39.000000,10.492299
11.000000,39.000000,9.983897
12.000000,39.000000,9.227703
13.000000,39.000000,8.457581
14.000000,39.000000,7.909685
15.000000,39.000000,7.750446
16.000000,39.000000,8.029094
17.000000,39.000000,8.668946
18.000000,39.000000,9.497958
19.000000,39.000000,10.305882
20.000000,39.000000,10.907324
21.000000,39.000000,11.189847
22.000000,39.000000,11.133577
23.000000,39.000000,10.800401
24.000000,39.000000,10.301885
25.000000,39.000000,9.761174
26.000000,39.000000,9.282807
27.000000,39.000000,8.937033
28.000000,39.000000,8.756097
29.000000,39.000000,8.734977
30.000000,39.000000,8.831039
31.000000,39.000000,8.964069
32.000000,39.000000,9.023753
33.000000,39.000000,8.891020
34.000000,39.000000,8.472483
35.000000,39.000000,7.738108
36.000000,39.000000,6.746795
37.000000,39.000000,5.649570
38.000000,39.000000,4.655370
39.000000,39.000000,3.860386