0.000000,0.000000,14.378567
1.000000,0.000000,13.354579
2.000000,0.000000,12.391599
3.000000,0.000000,11.507121
4.000000,0.000000,10.705528
5.000000,0.000000,9.983935
6.000000,0.000000,9.342341
7.000000,0.000000,8.780748
8.000000,0.000000,8.299155
9.000000,0.000000,7.897562
10.000000,0.000000,7.575969
11.000000,0.000000,7.334376
12.000000,0.000000,7.172783
13.000000,0.000000,7.091189
14.000000,0.000000,7.089596
15.000000,0.000000,7.168003
16.000000,0.000000,7.326410
17.000000,0.000000,7.564817
18.000000,0.000000,7.883224
19.000000,0.000000,8.281631
20.000000,0.000000,8.760038
21.000000,0.000000,9.318444
22.000000,0.000000,9.956851
23.000000,0.000000,10.675258
24.000000,0.000000,11.473665
25.000000,0.000000,12.352072
26.000000,0.000000,13.310479
27.000000,0.000000,14.348886
28.000000,0.000000,15.467292
29.000000,0.000000,16.665699
30.000000,0.000000,17.944106
31.000000,0.000000,19.302513
32.000000,0.000000,20.740920
33.000000,0.000000,22.259327
34.000000,0.000000,23.857734
35.000000,0.000000,25.536141
36.000000,0.000000,27.294547
37.000000,0.000000,29.135839
38.000000,0.000000,31.055633
39.000000,0.000000,33.036435
0.000000,1.000000,13.370811
1.000000,1.000000,12.346823
2.000000,1.000000,11.383843
3.000000,1.000000,10.499364
4.000000,1.000000,9.697771
5.000000,1.000000,8.976178
6.000000,1.000000,8.334585
7.000000,1.000000,7.772992
8.000000,1.000000,7.291399
9.000000,1.000000,6.889806
10.000000,1.000000,6.568213
11.000000,1.000000,6.326619
12.000000,1.000000,6.165026
13.000000,1.000000,6.083433
14.000000,1.000000,6.081840
15.000000,1.000000,6.160247
16.000000,1.000000,6.318654
17.000000,1.000000,6.557061
18.000000,1.000000,6.875467
19.000000,1.000000,7.273874
20.000000,1.000000,7.752281
21.000000,1.000000,8.310688
22.000000,1.000000,8.949095
23.000000,1.000000,9.667502
24.000000,1.000000,10.465909
25.000000,1.000000,11.344316
26.000000,1.000000,12.302722
27.000000,1.000000,13.341129
28.000000,1.000000,14.459536
29.000000,1.000000,15.657943
30.000000,1.000000,16.936350
31.000000,1.000000,18.294757
32.000000,1.000000,19.733164
33.000000,1.000000,21.251570
34.000000,1.000000,22.849977
35.000000,1.000000,24.528384
36.000000,1.000000,26.286791
37.000000,1.000000,28.128083
38.000000,1.000000,30.047877
39.000000,1.000000,32.028678
0.000000,2.000000,12.424062
1.000000,2.000000,11.400074
2.000000,2.000000,10.437094
3.000000,2.000000,9.552616
4.000000,2.000000,8.751023
5.000000,2.000000,8.029429
6.000000,2.000000,7.387836
7.000000,2.000000,6.826243
8.000000,2.000000,6.344650
9.000000,2.000000,5.943057
10.000000,2.000000,5.621464
11.000000,2.000000,5.379871
12.000000,2.000000,5.218277
13.000000,2.000000,5.136684
14.000000,2.000000,5.135091
15.000000,2.000000,5.213498
16.000000,2.000000,5.371905
17.000000,2.000000,5.610312
18.000000,2.000000,5.928719
19.000000,2.000000,6.327126
20.000000,2.000000,6.805532
21.000000,2.000000,7.363939
22.000000,2.000000,8.002346
23.000000,2.000000,8.720753
24.000000,2.000000,9.519160
25.000000,2.000000,10.397567
26.000000,2.000000,11.355974
27.000000,2.000000,12.394380
28.000000,2.000000,13.512787
29.000000,2.000000,14.711194
30.000000,2.000000,15.989601
31.000000,2.000000,17.348008
32.000000,2.000000,18.786415
33.000000,2.000000,20.304822
34.000000,2.000000,21.903229
35.000000,2.000000,23.581635
36.000000,2.000000,25.340042
37.000000,2.000000,27.181334
38.000000,2.000000,29.101128
39.000000,2.000000,31.081930
0.000000,3.000000,11.555815
1.000000,3.000000,10.531827
2.000000,3.000000,9.568847
3.000000,3.000000,8.684369
4.000000,3.000000,7.882776
5.000000,3.000000,7.161183
6.000000,3.000000,6.519590
7.000000,3.000000,5.957997
8.000000,3.000000,5.476403
9.000000,3.000000,5.074810
10.000000,3.000000,4.753217
11.000000,3.000000,4.511624
12.000000,3.000000,4.350031
13.000000,3.000000,4.268438
14.000000,3.000000,4.266845
15.000000,3.000000,4.345251
16.000000,3.000000,4.503658
17.000000,3.000000,4.742065
18.000000,3.000000,5.060472
19.000000,3.000000,5.458879
20.000000,3.000000,5.937286
21.000000,3.000000,6.495693
22.000000,3.000000,7.134100
23.000000,3.000000,7.852506
24.000000,3.000000,8.650913
25.000000,3.000000,9.529320
26.000000,3.000000,10.487727
27.000000,3.000000,11.526134
28.000000,3.000000,12.644541
29.000000,3.000000,13.842948
30.000000,3.000000,15.121354
31.000000,3.000000,16.479761
32.000000,3.000000,17.918168
33.000000,3.000000,19.436575
34.000000,3.000000,21.034982
35.000000,3.000000,22.713389
36.000000,3.000000,24.471796
37.000000,3.000000,26.313087
38.000000,3.000000,28.232881
39.000000,3.000000,30.213683
0.000000,4.000000,10.770453
1.000000,4.000000,9.746466
2.000000,4.000000,8.783485
3.000000,4.000000,7.899007
4.000000,4.000000,7.097414
5.000000,4.000000,6.375821
6.000000,4.000000,5.734228
7.000000,4.000000,5.172635
8.000000,4.000000,4.691042
9.000000,4.000000,4.289449
10.000000,4.000000,3.967855
11.000000,4.000000,3.726262
12.000000,4.000000,3.564669
13.000000,4.000000,3.483076
14.000000,4.000000,3.481483
15.000000,4.000000,3.559890
16.000000,4.000000,3.718297
17.000000,4.000000,3.956704
18.000000,4.000000,4.275110
19.000000,4.000000,4.673517
20.000000,4.000000,5.151924
21.000000,4.000000,5.710331
22.000000,4.000000,6.348738
23.000000,4.000000,7.067145
24.000000,4.000000,7.865552
25.000000,4.000000,8.743958
26.000000,4.000000,9.702365
27.000000,4.000000,10.740772
28.000000,4.000000,11.859179
29.000000,4.000000,13.057586
30.000000,4.000000,14.335993
31.000000,4.000000,15.694400
32.000000,4.000000,17.132807
33.000000,4.000000,18.651213
34.000000,4.000000,20.249620
35.000000,4.000000,21.928027
36.000000,4.000000,23.686434
37.000000,4.000000,25.527726
38.000000,4.000000,27.447520
39.000000,4.000000,29.428321
0.000000,5.000000,10.065092
1.000000,5.000000,9.041104
2.000000,5.000000,8.078124
3.000000,5.000000,7.193646
4.000000,5.000000,6.392053
5.000000,5.000000,5.670459
6.000000,5.000000,5.028866
7.000000,5.000000,4.467273
8.000000,5.000000,3.985680
9.000000,5.000000,3.584087
10.000000,5.000000,3.262494
11.000000,5.000000,3.020901
12.000000,5.000000,2.859308
13.000000,5.000000,2.777714
14.000000,5.000000,2.776121
15.000000,5.000000,2.854528
16.000000,5.000000,3.012935
17.000000,5.000000,3.251342
18.000000,5.000000,3.569749
19.000000,5.000000,3.968156
20.000000,5.000000,4.446562
21.000000,5.000000,5.004969
22.000000,5.000000,5.643376
23.000000,5.000000,6.361783
24.000000,5.000000,7.160190
25.000000,5.000000,8.038597
26.000000,5.000000,8.997004
27.000000,5.000000,10.035411
28.000000,5.000000,11.153817
29.000000,5.000000,12.352224
30.000000,5.000000,13.630631
31.000000,5.000000,14.989038
32.000000,5.000000,16.427445
33.000000,5.000000,17.945852
34.000000,5.000000,19.544259
35.000000,5.000000,21.222665
36.000000,5.000000,22.981072
37.000000,5.000000,24.822364
38.000000,5.000000,26.742158
39.000000,5.000000,28.722960
0.000000,6.000000,9.439730
1.000000,6.000000,8.415742
2.000000,6.000000,7.452762
3.000000,6.000000,6.568284
4.000000,6.000000,5.766691
5.000000,6.000000,5.045098
6.000000,6.000000,4.403505
7.000000,6.000000,3.841911
8.000000,6.000000,3.360318
9.000000,6.000000,2.958725
10.000000,6.000000,2.637132
11.000000,6.000000,2.395539
12.000000,6.000000,2.233946
13.000000,6.000000,2.152353
14.000000,6.000000,2.150760
15.000000,6.000000,2.229166
16.000000,6.000000,2.387573
17.000000,6.000000,2.625980
18.000000,6.000000,2.944387
19.000000,6.000000,3.342794
20.000000,6.000000,3.821201
21.000000,6.000000,4.379608
22.000000,6.000000,5.018014
23.000000,6.000000,5.736421
24.000000,6.000000,6.534828
25.000000,6.000000,7.413235
26.000000,6.000000,8.371642
27.000000,6.000000,9.410049
28.000000,6.000000,10.528456
29.000000,6.000000,11.726863
30.000000,6.000000,13.005269
31.000000,6.000000,14.363676
32.000000,6.000000,15.802083
33.000000,6.000000,17.320490
34.000000,6.000000,18.918897
35.000000,6.000000,20.597304
36.000000,6.000000,22.355711
37.000000,6.000000,24.197002
38.000000,6.000000,26.116796
39.000000,6.000000,28.097598
0.000000,7.000000,8.894368
1.000000,7.000000,7.870381
2.000000,7.000000,6.907400
3.000000,7.000000,6.022922
4.000000,7.000000,5.221329
5.000000,7.000000,4.499736
6.000000,7.000000,3.858143
7.000000,7.000000,3.296550
8.000000,7.000000,2.814957
9.000000,7.000000,2.413364
10.000000,7.000000,2.091770
11.000000,7.000000,1.850177
12.000000,7.000000,1.688584
13.000000,7.000000,1.606991
14.000000,7.000000,1.605398
15.000000,7.000000,1.683805
16.000000,7.000000,1.842212
17.000000,7.000000,2.080618
18.000000,7.000000,2.399025
19.000000,7.000000,2.797432
20.000000,7.000000,3.275839
21.000000,7.000000,3.834246
22.000000,7.000000,4.472653
23.000000,7.000000,5.191060
24.000000,7.000000,5.989467
25.000000,7.000000,6.867873
26.000000,7.000000,7.826280
27.000000,7.000000,8.864687
28.000000,7.000000,9.983094
29.000000,7.000000,11.181501
30.000000,7.000000,12.459908
31.000000,7.000000,13.818315
32.000000,7.000000,15.256721
33.000000,7.000000,16.775128
34.000000,7.000000,18.373535
35.000000,7.000000,20.051942
36.000000,7.000000,21.810349
37.000000,7.000000,23.651641
38.000000,7.000000,25.571435
39.000000,7.000000,27.552236
0.000000,8.000000,8.429007
1.000000,8.000000,7.405019
2.000000,8.000000,6.442039
3.000000,8.000000,5.557561
4.000000,8.000000,4.755968
5.000000,8.000000,4.034374
6.000000,8.000000,3.392781
7.000000,8.000000,2.831188
8.000000,8.000000,2.349595
9.000000,8.000000,1.948002
10.000000,8.000000,1.626409
11.000000,8.000000,1.384816
12.000000,8.000000,1.223222
13.000000,8.000000,1.141629
14.000000,8.000000,1.140036
15.000000,8.000000,1.218443
16.000000,8.000000,1.376850
17.000000,8.000000,1.615257
18.000000,8.000000,1.933664
19.000000,8.000000,2.332071
20.000000,8.000000,2.810477
21.000000,8.000000,3.368884
22.000000,8.000000,4.007291
23.000000,8.000000,4.725698
24.000000,8.000000,5.524105
25.000000,8.000000,6.402512
26.000000,8.000000,7.360919
27.000000,8.000000,8.399325
28.000000,8.000000,9.517732
29.000000,8.000000,10.716139
30.000000,8.000000,11.994546
31.000000,8.000000,13.352953
32.000000,8.000000,14.791360
33.000000,8.000000,16.309767
34.000000,8.000000,17.908174
35.000000,8.000000,19.586580
36.000000,8.000000,21.344987
37.000000,8.000000,23.186279
38.000000,8.000000,25.106073
39.000000,8.000000,27.086875
0.000000,9.000000,8.043645
1.000000,9.000000,7.019657
2.000000,9.000000,6.056677
3.000000,9.000000,5.172199
4.000000,9.000000,4.370606
5.000000,9.000000,3.649013
6.000000,9.000000,3.007420
7.000000,9.000000,2.445826
8.000000,9.000000,1.964233
9.000000,9.000000,1.562640
10.000000,9.000000,1.241047
11.000000,9.000000,0.999454
12.000000,9.000000,0.837861
13.000000,9.000000,0.756268
14.000000,9.000000,0.754675
15.000000,9.000000,0.833081
16.000000,9.000000,0.991488
17.000000,9.000000,1.229895
18.000000,9.000000,1.548302
19.000000,9.000000,1.946709
20.000000,9.000000,2.425116
21.000000,9.000000,2.983523
22.000000,9.000000,3.621929
23.000000,9.000000,4.340336
24.000000,9.000000,5.138743
25.000000,9.000000,6.017150
26.000000,9.000000,6.975557
27.000000,9.000000,8.013964
28.000000,9.000000,9.132371
29.000000,9.000000,10.330778
30.000000,9.000000,11.609184
31.000000,9.000000,12.967591
32.000000,9.000000,14.405998
33.000000,9.000000,15.924405
34.000000,9.000000,17.522812
35.000000,9.000000,19.201219
36.000000,9.000000,20.959626
37.000000,9.000000,22.800917
38.000000,9.000000,24.720711
39.000000,9.000000,26.701513
0.000000,10.000000,7.738283
1.000000,10.000000,6.714296
2.000000,10.000000,5.751315
3.000000,10.000000,4.866837
4.000000,10.000000,4.065244
5.000000,10.000000,3.343651
6.000000,10.000000,2.702058
7.000000,10.000000,2.140465
8.000000,10.000000,1.658872
9.000000,10.000000,1.257279
10.000000,10.000000,0.935685
11.000000,10.000000,0.694092
12.000000,10.000000,0.532499
13.000000,10.000000,0.450906
14.000000,10.000000,0.449313
15.000000,10.000000,0.527720
16.000000,10.000000,0.686127
17.000000,10.000000,0.924533
18.000000,10.000000,1.242940
19.000000,10.000000,1.641347
20.000000,10.000000,2.119754
21.000000,10.000000,2.678161
22.000000,10.000000,3.316568
23.000000,10.000000,4.034975
24.000000,10.000000,4.833382
25.000000,10.000000,5.711788
26.000000,10.000000,6.670195
27.000000,10.000000,7.708602
28.000000,10.000000,8.827009
29.000000,10.000000,10.025416
30.000000,10.000000,11.303823
31.000000,10.000000,12.662230
32.000000,10.000000,14.100636
33.000000,10.000000,15.619043
34.000000,10.000000,17.217450
35.000000,10.000000,18.895857
36.000000,10.000000,20.654264
37.000000,10.000000,22.495556
38.000000,10.000000,24.415350
39.000000,10.000000,26.396151
0.000000,11.000000,7.512922
1.000000,11.000000,6.488934
2.000000,11.000000,5.525954
3.000000,11.000000,4.641476
4.000000,11.000000,3.839882
5.000000,11.000000,3.118289
6.000000,11.000000,2.476696
7.000000,11.000000,1.915103
8.000000,11.000000,1.433510
9.000000,11.000000,1.031917
10.000000,11.000000,0.710324
11.000000,11.000000,0.468731
12.000000,11.000000,0.307137
13.000000,11.000000,0.225544
14.000000,11.000000,0.223951
15.000000,11.000000,0.302358
16.000000,11.000000,0.460765
17.000000,11.000000,0.699172
18.000000,11.000000,1.017579
19.000000,11.000000,1.415985
20.000000,11.000000,1.894392
21.000000,11.000000,2.452799
22.000000,11.000000,3.091206
23.000000,11.000000,3.809613
24.000000,11.000000,4.608020
25.000000,11.000000,5.486427
26.000000,11.000000,6.444834
27.000000,11.000000,7.483240
28.000000,11.000000,8.601647
29.000000,11.000000,9.800054
30.000000,11.000000,11.078461
31.000000,11.000000,12.436868
32.000000,11.000000,13.875275
33.000000,11.000000,15.393682
34.000000,11.000000,16.992089
35.000000,11.000000,18.670495
36.000000,11.000000,20.428902
37.000000,11.000000,22.270194
38.000000,11.000000,24.189988
39.000000,11.000000,26.170790
0.000000,12.000000,7.367560
1.000000,12.000000,6.343572
2.000000,12.000000,5.380592
3.000000,12.000000,4.496114
4.000000,12.000000,3.694521
5.000000,12.000000,2.972928
6.000000,12.000000,2.331335
7.000000,12.000000,1.769741
8.000000,12.000000,1.288148
9.000000,12.000000,0.886555
10.000000,12.000000,0.564962
11.000000,12.000000,0.323369
12.000000,12.000000,0.161776
13.000000,12.000000,0.080183
14.000000,12.000000,0.078589
15.000000,12.000000,0.156996
16.000000,12.000000,0.315403
17.000000,12.000000,0.553810
18.000000,12.000000,0.872217
19.000000,12.000000,1.270624
20.000000,12.000000,1.749031
21.000000,12.000000,2.307438
22.000000,12.000000,2.945844
23.000000,12.000000,3.664251
24.000000,12.000000,4.462658
25.000000,12.000000,5.341065
26.000000,12.000000,6.299472
27.000000,12.000000,7.337879
28.000000,12.000000,8.456286
29.000000,12.000000,9.654692
30.000000,12.000000,10.933099
31.000000,12.000000,12.291506
32.000000,12.000000,13.729913
33.000000,12.000000,15.248320
34.000000,12.000000,16.846727
35.000000,12.000000,18.525134
36.000000,12.000000,20.283541
37.000000,12.000000,22.124832
38.000000,12.000000,24.044626
39.000000,12.000000,26.025428
0.000000,13.000000,7.302198
1.000000,13.000000,6.278211
2.000000,13.000000,5.315230
3.000000,13.000000,4.430752
4.000000,13.000000,3.629159
5.000000,13.000000,2.907566
6.000000,13.000000,2.265973
7.000000,13.000000,1.704380
8.000000,13.000000,1.222787
9.000000,13.000000,0.821193
10.000000,13.000000,0.499600
11.000000,13.000000,0.258007
12.000000,13.000000,0.096414
13.000000,13.000000,0.014821
14.000000,13.000000,0.013228
15.000000,13.000000,0.091635
16.000000,13.000000,0.250042
17.000000,13.000000,0.488448
18.000000,13.000000,0.806855
19.000000,13.000000,1.205262
20.000000,13.000000,1.683669
21.000000,13.000000,2.242076
22.000000,13.000000,2.880483
23.000000,13.000000,3.598890
24.000000,13.000000,4.397296
25.000000,13.000000,5.275703
26.000000,13.000000,6.234110
27.000000,13.000000,7.272517
28.000000,13.000000,8.390924
29.000000,13.000000,9.589331
30.000000,13.000000,10.867738
31.000000,13.000000,12.226145
32.000000,13.000000,13.664551
33.000000,13.000000,15.182958
34.000000,13.000000,16.781365
35.000000,13.000000,18.459772
36.000000,13.000000,20.218179
37.000000,13.000000,22.059471
38.000000,13.000000,23.979265
39.000000,13.000000,25.960066
0.000000,14.000000,7.316837
1.000000,14.000000,6.292849
2.000000,14.000000,5.329869
3.000000,14.000000,4.445391
4.000000,14.000000,3.643797
5.000000,14.000000,2.922204
6.000000,14.000000,2.280611
7.000000,14.000000,1.719018
8.000000,14.000000,1.237425
9.000000,14.000000,0.835832
10.000000,14.000000,0.514239
11.000000,14.000000,0.272646
12.000000,14.000000,0.111052
13.000000,14.000000,0.029459
14.000000,14.000000,0.027866
15.000000,14.000000,0.106273
16.000000,14.000000,0.264680
17.000000,14.000000,0.503087
18.000000,14.000000,0.821494
19.000000,14.000000,1.219900
20.000000,14.000000,1.698307
21.000000,14.000000,2.256714
22.000000,14.000000,2.895121
23.000000,14.000000,3.613528
24.000000,14.000000,4.411935
25.000000,14.000000,5.290342
26.000000,14.000000,6.248749
27.000000,14.000000,7.287155
28.000000,14.000000,8.405562
29.000000,14.000000,9.603969
30.000000,14.000000,10.882376
31.000000,14.000000,12.240783
32.000000,14.000000,13.679190
33.000000,14.000000,15.197597
34.000000,14.000000,16.796003
35.000000,14.000000,18.474410
36.000000,14.000000,20.232817
37.000000,14.000000,22.074109
38.000000,14.000000,23.993903
39.000000,14.000000,25.974704
0.000000,15.000000,7.411475
1.000000,15.000000,6.387487
2.000000,15.000000,5.424507
3.000000,15.000000,4.540029
4.000000,15.000000,3.738436
5.000000,15.000000,3.016843
6.000000,15.000000,2.375250
7.000000,15.000000,1.813656
8.000000,15.000000,1.332063
9.000000,15.000000,0.930470
10.000000,15.000000,0.608877
11.000000,15.000000,0.367284
12.000000,15.000000,0.205691
13.000000,15.000000,0.124098
14.000000,15.000000,0.122504
15.000000,15.000000,0.200911
16.000000,15.000000,0.359318
17.000000,15.000000,0.597725
18.000000,15.000000,0.916132
19.000000,15.000000,1.314539
20.000000,15.000000,1.792946
21.000000,15.000000,2.351353
22.000000,15.000000,2.989759
23.000000,15.000000,3.708166
24.000000,15.000000,4.506573
25.000000,15.000000,5.384980
26.000000,15.000000,6.343387
27.000000,15.000000,7.381794
28.000000,15.000000,8.500201
29.000000,15.000000,9.698607
30.000000,15.000000,10.977014
31.000000,15.000000,12.335421
32.000000,15.000000,13.773828
33.000000,15.000000,15.292235
34.000000,15.000000,16.890642
35.000000,15.000000,18.569049
36.000000,15.000000,20.327456
37.000000,15.000000,22.168747
38.000000,15.000000,24.088541
39.000000,15.000000,26.069343
0.000000,16.000000,7.586113
1.000000,16.000000,6.562126
2.000000,16.000000,5.599145
3.000000,16.000000,4.714667
4.000000,16.000000,3.913074
5.000000,16.000000,3.191481
6.000000,16.000000,2.549888
7.000000,16.000000,1.988295
8.000000,16.000000,1.506702
9.000000,16.000000,1.105108
10.000000,16.000000,0.783515
11.000000,16.000000,0.541922
12.000000,16.000000,0.380329
13.000000,16.000000,0.298736
14.000000,16.000000,0.297143
15.000000,16.000000,0.375550
16.000000,16.000000,0.533956
17.000000,16.000000,0.772363
18.000000,16.000000,1.090770
19.000000,16.000000,1.489177
20.000000,16.000000,1.967584
21.000000,16.000000,2.525991
22.000000,16.000000,3.164398
23.000000,16.000000,3.882805
24.000000,16.000000,4.681211
25.000000,16.000000,5.559618
26.000000,16.000000,6.518025
27.000000,16.000000,7.556432
28.000000,16.000000,8.674839
29.000000,16.000000,9.873246
30.000000,16.000000,11.151653
31.000000,16.000000,12.510060
32.000000,16.000000,13.948466
33.000000,16.000000,15.466873
34.000000,16.000000,17.065280
35.000000,16.000000,18.743687
36.000000,16.000000,20.502094
37.000000,16.000000,22.343386
38.000000,16.000000,24.263180
39.000000,16.000000,26.243981
0.000000,17.000000,7.840752
1.000000,17.000000,6.816764
2.000000,17.000000,5.853784
3.000000,17.000000,4.969306
4.000000,17.000000,4.167712
5.000000,17.000000,3.446119
6.000000,17.000000,2.804526
7.000000,17.000000,2.242933
8.000000,17.000000,1.761340
9.000000,17.000000,1.359747
10.000000,17.000000,1.038154
11.000000,17.000000,0.796560
12.000000,17.000000,0.634967
13.000000,17.000000,0.553374
14.000000,17.000000,0.551781
15.000000,17.000000,0.630188
16.000000,17.000000,0.788595
17.000000,17.000000,1.027002
18.000000,17.000000,1.345409
19.000000,17.000000,1.743815
20.000000,17.000000,2.222222
21.000000,17.000000,2.780629
22.000000,17.000000,3.419036
23.000000,17.000000,4.137443
24.000000,17.000000,4.935850
25.000000,17.000000,5.814257
26.000000,17.000000,6.772663
27.000000,17.000000,7.811070
28.000000,17.000000,8.929477
29.000000,17.000000,10.127884
30.000000,17.000000,11.406291
31.000000,17.000000,12.764698
32.000000,17.000000,14.203105
33.000000,17.000000,15.721512
34.000000,17.000000,17.319918
35.000000,17.000000,18.998325
36.000000,17.000000,20.756732
37.000000,17.000000,22.598024
38.000000,17.000000,24.517818
39.000000,17.000000,26.498619
0.000000,18.000000,8.175390
1.000000,18.000000,7.151402
2.000000,18.000000,6.188422
3.000000,18.000000,5.303944
4.000000,18.000000,4.502351
5.000000,18.000000,3.780758
6.000000,18.000000,3.139164
7.000000,18.000000,2.577571
8.000000,18.000000,2.095978
9.000000,18.000000,1.694385
10.000000,18.000000,1.372792
11.000000,18.000000,1.131199
12.000000,18.000000,0.969606
13.000000,18.000000,0.888013
14.000000,18.000000,0.886419
15.000000,18.000000,0.964826
16.000000,18.000000,1.123233
17.000000,18.000000,1.361640
18.000000,18.000000,1.680047
19.000000,18.000000,2.078454
20.000000,18.000000,2.556861
21.000000,18.000000,3.115267
22.000000,18.000000,3.753674
23.000000,18.000000,4.472081
24.000000,18.000000,5.270488
25.000000,18.000000,6.148895
26.000000,18.000000,7.107302
27.000000,18.000000,8.145709
28.000000,18.000000,9.264116
29.000000,18.000000,10.462522
30.000000,18.000000,11.740929
31.000000,18.000000,13.099336
32.000000,18.000000,14.537743
33.000000,18.000000,16.056150
34.000000,18.000000,17.654557
35.000000,18.000000,19.332964
36.000000,18.000000,21.091370
37.000000,18.000000,22.932662
38.000000,18.000000,24.852456
39.000000,18.000000,26.833258
0.000000,19.000000,8.590028
1.000000,19.000000,7.566040
2.000000,19.000000,6.603060
3.000000,19.000000,5.718582
4.000000,19.000000,4.916989
5.000000,19.000000,4.195396
6.000000,19.000000,3.553803
7.000000,19.000000,2.992210
8.000000,19.000000,2.510617
9.000000,19.000000,2.109023
10.000000,19.000000,1.787430
11.000000,19.000000,1.545837
12.000000,19.000000,1.384244
13.000000,19.000000,1.302651
14.000000,19.000000,1.301058
15.000000,19.000000,1.379465
16.000000,19.000000,1.537871
17.000000,19.000000,1.776278
18.000000,19.000000,2.094685
19.000000,19.000000,2.493092
20.000000,19.000000,2.971499
21.000000,19.000000,3.529906
22.000000,19.000000,4.168313
23.000000,19.000000,4.886720
24.000000,19.000000,5.685126
25.000000,19.000000,6.563533
26.000000,19.000000,7.521940
27.000000,19.000000,8.560347
28.000000,19.000000,9.678754
29.000000,19.000000,10.877161
30.000000,19.000000,12.155568
31.000000,19.000000,13.513974
32.000000,19.000000,14.952381
33.000000,19.000000,16.470788
34.000000,19.000000,18.069195
35.000000,19.000000,19.747602
36.000000,19.000000,21.506009
37.000000,19.000000,23.347301
38.000000,19.000000,25.267095
39.000000,19.000000,27.247896
0.000000,20.000000,9.084667
1.000000,20.000000,8.060679
2.000000,20.000000,7.097699
3.000000,20.000000,6.213221
4.000000,20.000000,5.411627
5.000000,20.000000,4.690034
6.000000,20.000000,4.048441
7.000000,20.000000,3.486848
8.000000,20.000000,3.005255
9.000000,20.000000,2.603662
10.000000,20.000000,2.282069
11.000000,20.000000,2.040475
12.000000,20.000000,1.878882
13.000000,20.000000,1.797289
14.000000,20.000000,1.795696
15.000000,20.000000,1.874103
16.000000,20.000000,2.032510
17.000000,20.000000,2.270917
18.000000,20.000000,2.589324
19.000000,20.000000,2.987730
20.000000,20.000000,3.466137
21.000000,20.000000,4.024544
22.000000,20.000000,4.662951
23.000000,20.000000,5.381358
24.000000,20.000000,6.179765
25.000000,20.000000,7.058172
26.000000,20.000000,8.016578
27.000000,20.000000,9.054985
28.000000,20.000000,10.173392
29.000000,20.000000,11.371799
30.000000,20.000000,12.650206
31.000000,20.000000,14.008613
32.000000,20.000000,15.447020
33.000000,20.000000,16.965427
34.000000,20.000000,18.563833
35.000000,20.000000,20.242240
36.000000,20.000000,22.000647
37.000000,20.000000,23.841939
38.000000,20.000000,25.761733
39.000000,20.000000,27.742534
0.000000,21.000000,9.659305
1.000000,21.000000,8.635317
2.000000,21.000000,7.672337
3.000000,21.000000,6.787859
4.000000,21.000000,5.986266
5.000000,21.000000,5.264673
6.000000,21.000000,4.623079
7.000000,21.000000,4.061486
8.000000,21.000000,3.579893
9.000000,21.000000,3.178300
10.000000,21.000000,2.856707
11.000000,21.000000,2.615114
12.000000,21.000000,2.453521
13.000000,21.000000,2.371927
14.000000,21.000000,2.370334
15.000000,21.000000,2.448741
16.000000,21.000000,2.607148
17.000000,21.000000,2.845555
18.000000,21.000000,3.163962
19.000000,21.000000,3.562369
20.000000,21.000000,4.040776
21.000000,21.000000,4.599182
22.000000,21.000000,5.237589
23.000000,21.000000,5.955996
24.000000,21.000000,6.754403
25.000000,21.000000,7.632810
26.000000,21.000000,8.591217
27.000000,21.000000,9.629624
28.000000,21.000000,10.748031
29.000000,21.000000,11.946437
30.000000,21.000000,13.224844
31.000000,21.000000,14.583251
32.000000,21.000000,16.021658
33.000000,21.000000,17.540065
34.000000,21.000000,19.138472
35.000000,21.000000,20.816879
36.000000,21.000000,22.575285
37.000000,21.000000,24.416577
38.000000,21.000000,26.336371
39.000000,21.000000,28.317173
0.000000,22.000000,10.313943
1.000000,22.000000,9.289955
2.000000,22.000000,8.326975
3.000000,22.000000,7.442497
4.000000,22.000000,6.640904
5.000000,22.000000,5.919311
6.000000,22.000000,5.277718
7.000000,22.000000,4.716125
8.000000,22.000000,4.234531
9.000000,22.000000,3.832938
10.000000,22.000000,3.511345
11.000000,22.000000,3.269752
12.000000,22.000000,3.108159
13.000000,22.000000,3.026566
14.000000,22.000000,3.024973
15.000000,22.000000,3.103380
16.000000,22.000000,3.261786
17.000000,22.000000,3.500193
18.000000,22.000000,3.818600
19.000000,22.000000,4.217007
20.000000,22.000000,4.695414
21.000000,22.000000,5.253821
22.000000,22.000000,5.892228
23.000000,22.000000,6.610634
24.000000,22.000000,7.409041
25.000000,22.000000,8.287448
26.000000,22.000000,9.245855
27.000000,22.000000,10.284262
28.000000,22.000000,11.402669
29.000000,22.000000,12.601076
30.000000,22.000000,13.879483
31.000000,22.000000,15.237889
32.000000,22.000000,16.676296
33.000000,22.000000,18.194703
34.000000,22.000000,19.793110
35.000000,22.000000,21.471517
36.000000,22.000000,23.229924
37.000000,22.000000,25.071216
38.000000,22.000000,26.991010
39.000000,22.000000,28.971811
0.000000,23.000000,11.048582
1.000000,23.000000,10.024594
2.000000,23.000000,9.061614
3.000000,23.000000,8.177135
4.000000,23.000000,7.375542
5.000000,23.000000,6.653949
6.000000,23.000000,6.012356
7.000000,23.000000,5.450763
8.000000,23.000000,4.969170
9.000000,23.000000,4.567577
10.000000,23.000000,4.245984
11.000000,23.000000,4.004390
12.000000,23.000000,3.842797
13.000000,23.000000,3.761204
14.000000,23.000000,3.759611
15.000000,23.000000,3.838018
16.000000,23.000000,3.996425
17.000000,23.000000,4.234832
18.000000,23.000000,4.553238
19.000000,23.000000,4.951645
20.000000,23.000000,5.430052
21.000000,23.000000,5.988459
22.000000,23.000000,6.626866
23.000000,23.000000,7.345273
24.000000,23.000000,8.143680
25.000000,23.000000,9.022087
26.000000,23.000000,9.980493
27.000000,23.000000,11.018900
28.000000,23.000000,12.137307
29.000000,23.000000,13.335714
30.000000,23.000000,14.614121
31.000000,23.000000,15.972528
32.000000,23.000000,17.410935
33.000000,23.000000,18.929341
34.000000,23.000000,20.527748
35.000000,23.000000,22.206155
36.000000,23.000000,23.964562
37.000000,23.000000,25.805854
38.000000,23.000000,27.725648
39.000000,23.000000,29.706449
0.000000,24.000000,11.863220
1.000000,24.000000,10.839232
2.000000,24.000000,9.876252
3.000000,24.000000,8.991774
4.000000,24.000000,8.190181
5.000000,24.000000,7.468588
6.000000,24.000000,6.826994
7.000000,24.000000,6.265401
8.000000,24.000000,5.783808
9.000000,24.000000,5.382215
10.000000,24.000000,5.060622
11.000000,24.000000,4.819029
12.000000,24.000000,4.657436
13.000000,24.000000,4.575842
14.000000,24.000000,4.574249
15.000000,24.000000,4.652656
16.000000,24.000000,4.811063
17.000000,24.000000,5.049470
18.000000,24.000000,5.367877
19.000000,24.000000,5.766284
20.000000,24.000000,6.244691
21.000000,24.000000,6.803097
22.000000,24.000000,7.441504
23.000000,24.000000,8.159911
24.000000,24.000000,8.958318
25.000000,24.000000,9.836725
26.000000,24.000000,10.795132
27.000000,24.000000,11.833539
28.000000,24.000000,12.951945
29.000000,24.000000,14.150352
30.000000,24.000000,15.428759
31.000000,24.000000,16.787166
32.000000,24.000000,18.225573
33.000000,24.000000,19.743980
34.000000,24.000000,21.342387
35.000000,24.000000,23.020794
36.000000,24.000000,24.779200
37.000000,24.000000,26.620492
38.000000,24.000000,28.540286
39.000000,24.000000,30.521088
0.000000,25.000000,12.757858
1.000000,25.000000,11.733870
2.000000,25.000000,10.770890
3.000000,25.000000,9.886412
4.000000,25.000000,9.084819
5.000000,25.000000,8.363226
6.000000,25.000000,7.721633
7.000000,25.000000,7.160040
8.000000,25.000000,6.678446
9.000000,25.000000,6.276853
10.000000,25.000000,5.955260
11.000000,25.000000,5.713667
12.000000,25.000000,5.552074
13.000000,25.000000,5.470481
14.000000,25.000000,5.468888
15.000000,25.000000,5.547295
16.000000,25.000000,5.705701
17.000000,25.000000,5.944108
18.000000,25.000000,6.262515
19.000000,25.000000,6.660922
20.000000,25.000000,7.139329
21.000000,25.000000,7.697736
22.000000,25.000000,8.336143
23.000000,25.000000,9.054549
24.000000,25.000000,9.852956
25.000000,25.000000,10.731363
26.000000,25.000000,11.689770
27.000000,25.000000,12.728177
28.000000,25.000000,13.846584
29.000000,25.000000,15.044991
30.000000,25.000000,16.323398
31.000000,25.000000,17.681804
32.000000,25.000000,19.120211
33.000000,25.000000,20.638618
34.000000,25.000000,22.237025
35.000000,25.000000,23.915432
36.000000,25.000000,25.673839
37.000000,25.000000,27.515131
38.000000,25.000000,29.434924
39.000000,25.000000,31.415726
0.000000,26.000000,13.732496
1.000000,26.000000,12.708509
2.000000,26.000000,11.745528
3.000000,26.000000,10.861050
4.000000,26.000000,10.059457
5.000000,26.000000,9.337864
6.000000,26.000000,8.696271
7.000000,26.000000,8.134678
8.000000,26.000000,7.653085
9.000000,26.000000,7.251492
10.000000,26.000000,6.929898
11.000000,26.000000,6.688305
12.000000,26.000000,6.526712
13.000000,26.000000,6.445119
14.000000,26.000000,6.443526
15.000000,26.000000,6.521933
16.000000,26.000000,6.680340
17.000000,26.000000,6.918747
18.000000,26.000000,7.237153
19.000000,26.000000,7.635560
20.000000,26.000000,8.113967
21.000000,26.000000,8.672374
22.000000,26.000000,9.310781
23.000000,26.000000,10.029188
24.000000,26.000000,10.827595
25.000000,26.000000,11.706002
26.000000,26.000000,12.664408
27.000000,26.000000,13.702815
28.000000,26.000000,14.821222
29.000000,26.000000,16.019629
30.000000,26.000000,17.298036
31.000000,26.000000,18.656443
32.000000,26.000000,20.094850
33.000000,26.000000,21.613256
34.000000,26.000000,23.211663
35.000000,26.000000,24.890070
36.000000,26.000000,26.648477
37.000000,26.000000,28.489769
38.000000,26.000000,30.409563
39.000000,26.000000,32.390364
0.000000,27.000000,14.787135
1.000000,27.000000,13.763147
2.000000,27.000000,12.800167
3.000000,27.000000,11.915689
4.000000,27.000000,11.114096
5.000000,27.000000,10.392502
6.000000,27.000000,9.750909
7.000000,27.000000,9.189316
8.000000,27.000000,8.707723
9.000000,27.000000,8.306130
10.000000,27.000000,7.984537
11.000000,27.000000,7.742944
12.000000,27.000000,7.581351
13.000000,27.000000,7.499757
14.000000,27.000000,7.498164
15.000000,27.000000,7.576571
16.000000,27.000000,7.734978
17.000000,27.000000,7.973385
18.000000,27.000000,8.291792
19.000000,27.000000,8.690199
20.000000,27.000000,9.168605
21.000000,27.000000,9.727012
22.000000,27.000000,10.365419
23.000000,27.000000,11.083826
24.000000,27.000000,11.882233
25.000000,27.000000,12.760640
26.000000,27.000000,13.719047
27.000000,27.000000,14.757454
28.000000,27.000000,15.875860
29.000000,27.000000,17.074267
30.000000,27.000000,18.352674
31.000000,27.000000,19.711081
32.000000,27.000000,21.149488
33.000000,27.000000,22.667895
34.000000,27.000000,24.266302
35.000000,27.000000,25.944708
36.000000,27.000000,27.703115
37.000000,27.000000,29.544407
38.000000,27.000000,31.464201
39.000000,27.000000,33.445003
0.000000,28.000000,15.921773
1.000000,28.000000,14.897785
2.000000,28.000000,13.934805
3.000000,28.000000,13.050327
4.000000,28.000000,12.248734
5.000000,28.000000,11.527141
6.000000,28.000000,10.885548
7.000000,28.000000,10.323955
8.000000,28.000000,9.842361
9.000000,28.000000,9.440768
10.000000,28.000000,9.119175
11.000000,28.000000,8.877582
12.000000,28.000000,8.715989
13.000000,28.000000,8.634396
14.000000,28.000000,8.632803
15.000000,28.000000,8.711209
16.000000,28.000000,8.869616
17.000000,28.000000,9.108023
18.000000,28.000000,9.426430
19.000000,28.000000,9.824837
20.000000,28.000000,10.303244
21.000000,28.000000,10.861651
22.000000,28.000000,11.500058
23.000000,28.000000,12.218464
24.000000,28.000000,13.016871
25.000000,28.000000,13.895278
26.000000,28.000000,14.853685
27.000000,28.000000,15.892092
28.000000,28.000000,17.010499
29.000000,28.000000,18.208906
30.000000,28.000000,19.487312
31.000000,28.000000,20.845719
32.000000,28.000000,22.284126
33.000000,28.000000,23.802533
34.000000,28.000000,25.400940
35.000000,28.000000,27.079347
36.000000,28.000000,28.837754
37.000000,28.000000,30.679045
38.000000,28.000000,32.598839
39.000000,28.000000,34.579641
0.000000,29.000000,17.136411
1.000000,29.000000,16.112424
2.000000,29.000000,15.149443
3.000000,29.000000,14.264965
4.000000,29.000000,13.463372
5.000000,29.000000,12.741779
6.000000,29.000000,12.100186
7.000000,29.000000,11.538593
8.000000,29.000000,11.057000
9.000000,29.000000,10.655407
10.000000,29.000000,10.333813
11.000000,29.000000,10.092220
12.000000,29.000000,9.930627
13.000000,29.000000,9.849034
14.000000,29.000000,9.847441
15.000000,29.000000,9.925848
16.000000,29.000000,10.084255
17.000000,29.000000,10.322662
18.000000,29.000000,10.641068
19.000000,29.000000,11.039475
20.000000,29.000000,11.517882
21.000000,29.000000,12.076289
22.000000,29.000000,12.714696
23.000000,29.000000,13.433103
24.000000,29.000000,14.231510
25.000000,29.000000,15.109916
26.000000,29.000000,16.068323
27.000000,29.000000,17.106730
28.000000,29.000000,18.225137
29.000000,29.000000,19.423544
30.000000,29.000000,20.701951
31.000000,29.000000,22.060358
32.000000,29.000000,23.498765
33.000000,29.000000,25.017171
34.000000,29.000000,26.615578
35.000000,29.000000,28.293985
36.000000,29.000000,30.052392
37.000000,29.000000,31.893684
38.000000,29.000000,33.813478
39.000000,29.000000,35.794279
0.000000,30.000000,18.431050
1.000000,30.000000,17.407062
2.000000,30.000000,16.444082
3.000000,30.000000,15.559604
4.000000,30.000000,14.758011
5.000000,30.000000,14.036417
6.000000,30.000000,13.394824
7.000000,30.000000,12.833231
8.000000,30.000000,12.351638
9.000000,30.000000,11.950045
10.000000,30.000000,11.628452
11.000000,30.000000,11.386859
12.000000,30.000000,11.225266
13.000000,30.000000,11.143672
14.000000,30.000000,11.142079
15.000000,30.000000,11.220486
16.000000,30.000000,11.378893
17.000000,30.000000,11.617300
18.000000,30.000000,11.935707
19.000000,30.000000,12.334114
20.000000,30.000000,12.812520
21.000000,30.000000,13.370927
22.000000,30.000000,14.009334
23.000000,30.000000,14.727741
24.000000,30.000000,15.526148
25.000000,30.000000,16.404555
26.000000,30.000000,17.362962
27.000000,30.000000,18.401369
28.000000,30.000000,19.519775
29.000000,30.000000,20.718182
30.000000,30.000000,21.996589
31.000000,30.000000,23.354996
32.000000,30.000000,24.793403
33.000000,30.000000,26.311810
34.000000,30.000000,27.910217
35.000000,30.000000,29.588623
36.000000,30.000000,31.347030
37.000000,30.000000,33.188322
38.000000,30.000000,35.108116
39.000000,30.000000,37.088918
0.000000,31.000000,19.805688
1.000000,31.000000,18.781700
2.000000,31.000000,17.818720
3.000000,31.000000,16.934242
4.000000,31.000000,16.132649
5.000000,31.000000,15.411056
6.000000,31.000000,14.769463
7.000000,31.000000,14.207869
8.000000,31.000000,13.726276
9.000000,31.000000,13.324683
10.000000,31.000000,13.003090
11.000000,31.000000,12.761497
12.000000,31.000000,12.599904
13.000000,31.000000,12.518311
14.000000,31.000000,12.516718
15.000000,31.000000,12.595124
16.000000,31.000000,12.753531
17.000000,31.000000,12.991938
18.000000,31.000000,13.310345
19.000000,31.000000,13.708752
20.000000,31.000000,14.187159
21.000000,31.000000,14.745566
22.000000,31.000000,15.383972
23.000000,31.000000,16.102379
24.000000,31.000000,16.900786
25.000000,31.000000,17.779193
26.000000,31.000000,18.737600
27.000000,31.000000,19.776007
28.000000,31.000000,20.894414
29.000000,31.000000,22.092821
30.000000,31.000000,23.371227
31.000000,31.000000,24.729634
32.000000,31.000000,26.168041
33.000000,31.000000,27.686448
34.000000,31.000000,29.284855
35.000000,31.000000,30.963262
36.000000,31.000000,32.721669
37.000000,31.000000,34.562960
38.000000,31.000000,36.482754
39.000000,31.000000,38.463556
0.000000,32.000000,21.260326
1.000000,32.000000,20.236339
2.000000,32.000000,19.273358
3.000000,32.000000,18.388880
4.000000,32.000000,17.587287
5.000000,32.000000,16.865694
6.000000,32.000000,16.224101
7.000000,32.000000,15.662508
8.000000,32.000000,15.180915
9.000000,32.000000,14.779322
10.000000,32.000000,14.457728
11.000000,32.000000,14.216135
12.000000,32.000000,14.054542
13.000000,32.000000,13.972949
14.000000,32.000000,13.971356
15.000000,32.000000,14.049763
16.000000,32.000000,14.208170
17.000000,32.000000,14.446576
18.000000,32.000000,14.764983
19.000000,32.000000,15.163390
20.000000,32.000000,15.641797
21.000000,32.000000,16.200204
22.000000,32.000000,16.838611
23.000000,32.000000,17.557018
24.000000,32.000000,18.355425
25.000000,32.000000,19.233831
26.000000,32.000000,20.192238
27.000000,32.000000,21.230645
28.000000,32.000000,22.349052
29.000000,32.000000,23.547459
30.000000,32.000000,24.825866
31.000000,32.000000,26.184273
32.000000,32.000000,27.622679
33.000000,32.000000,29.141086
34.000000,32.000000,30.739493
35.000000,32.000000,32.417900
36.000000,32.000000,34.176307
37.000000,32.000000,36.017599
38.000000,32.000000,37.937393
39.000000,32.000000,39.918194
0.000000,33.000000,22.794965
1.000000,33.000000,21.770977
2.000000,33.000000,20.807997
3.000000,33.000000,19.923519
4.000000,33.000000,19.121926
5.000000,33.000000,18.400332
6.000000,33.000000,17.758739
7.000000,33.000000,17.197146
8.000000,33.000000,16.715553
9.000000,33.000000,16.313960
10.000000,33.000000,15.992367
11.000000,33.000000,15.750774
12.000000,33.000000,15.589180
13.000000,33.000000,15.507587
14.000000,33.000000,15.505994
15.000000,33.000000,15.584401
16.000000,33.000000,15.742808
17.000000,33.000000,15.981215
18.000000,33.000000,16.299622
19.000000,33.000000,16.698029
20.000000,33.000000,17.176435
21.000000,33.000000,17.734842
22.000000,33.000000,18.373249
23.000000,33.000000,19.091656
24.000000,33.000000,19.890063
25.000000,33.000000,20.768470
26.000000,33.000000,21.726877
27.000000,33.000000,22.765283
28.000000,33.000000,23.883690
29.000000,33.000000,25.082097
30.000000,33.000000,26.360504
31.000000,33.000000,27.718911
32.000000,33.000000,29.157318
33.000000,33.000000,30.675725
34.000000,33.000000,32.274132
35.000000,33.000000,33.952538
36.000000,33.000000,35.710945
37.000000,33.000000,37.552237
38.000000,33.000000,39.472031
39.000000,33.000000,41.452833
0.000000,34.000000,24.409603
1.000000,34.000000,23.385615
2.000000,34.000000,22.422635
3.000000,34.000000,21.538157
4.000000,34.000000,20.736564
5.000000,34.000000,20.014971
6.000000,34.000000,19.373378
7.000000,34.000000,18.811784
8.000000,34.000000,18.330191
9.000000,34.000000,17.928598
10.000000,34.000000,17.607005
11.000000,34.000000,17.365412
12.000000,34.000000,17.203819
13.000000,34.000000,17.122226
14.000000,34.000000,17.120633
15.000000,34.000000,17.199039
16.000000,34.000000,17.357446
17.000000,34.000000,17.595853
18.000000,34.000000,17.914260
19.000000,34.000000,18.312667
20.000000,34.000000,18.791074
21.000000,34.000000,19.349481
22.000000,34.000000,19.987887
23.000000,34.000000,20.706294
24.000000,34.000000,21.504701
25.000000,34.000000,22.383108
26.000000,34.000000,23.341515
27.000000,34.000000,24.379922
28.000000,34.000000,25.498329
29.000000,34.000000,26.696736
30.000000,34.000000,27.975142
31.000000,34.000000,29.333549
32.000000,34.000000,30.771956
33.000000,34.000000,32.290363
34.000000,34.000000,33.888770
35.000000,34.000000,35.567177
36.000000,34.000000,37.325584
37.000000,34.000000,39.166875
38.000000,34.000000,41.086669
39.000000,34.000000,43.067471
0.000000,35.000000,26.104241
1.000000,35.000000,25.080254
2.000000,35.000000,24.117273
3.000000,35.000000,23.232795
4.000000,35.000000,22.431202
5.000000,35.000000,21.709609
6.000000,35.000000,21.068016
7.000000,35.000000,20.506423
8.000000,35.000000,20.024830
9.000000,35.000000,19.623237
10.000000,35.000000,19.301643
11.000000,35.000000,19.060050
12.000000,35.000000,18.898457
13.000000,35.000000,18.816864
14.000000,35.000000,18.815271
15.000000,35.000000,18.893678
16.000000,35.000000,19.052085
17.000000,35.000000,19.290491
18.000000,35.000000,19.608898
19.000000,35.000000,20.007305
20.000000,35.000000,20.485712
21.000000,35.000000,21.044119
22.000000,35.000000,21.682526
23.000000,35.000000,22.400933
24.000000,35.000000,23.199340
25.000000,35.000000,24.077746
26.000000,35.000000,25.036153
27.000000,35.000000,26.074560
28.000000,35.000000,27.192967
29.000000,35.000000,28.391374
30.000000,35.000000,29.669781
31.000000,35.000000,31.028188
32.000000,35.000000,32.466594
33.000000,35.000000,33.985001
34.000000,35.000000,35.583408
35.000000,35.000000,37.261815
36.000000,35.000000,39.020222
37.000000,35.000000,40.861514
38.000000,35.000000,42.781308
39.000000,35.000000,44.762109
0.000000,36.000000,27.878880
1.000000,36.000000,26.854892
2.000000,36.000000,25.891912
3.000000,36.000000,25.007434
4.000000,36.000000,24.205840
5.000000,36.000000,23.484247
6.000000,36.000000,22.842654
7.000000,36.000000,22.281061
8.000000,36.000000,21.799468
9.000000,36.000000,21.397875
10.000000,36.000000,21.076282
11.000000,36.000000,20.834689
12.000000,36.000000,20.673095
13.000000,36.000000,20.591502
14.000000,36.000000,20.589909
15.000000,36.000000,20.668316
16.000000,36.000000,20.826723
17.000000,36.000000,21.065130
18.000000,36.000000,21.383537
19.000000,36.000000,21.781943
20.000000,36.000000,22.260350
21.000000,36.000000,22.818757
22.000000,36.000000,23.457164
23.000000,36.000000,24.175571
24.000000,36.000000,24.973978
25.000000,36.000000,25.852385
26.000000,36.000000,26.810792
27.000000,36.000000,27.849198
28.000000,36.000000,28.967605
29.000000,36.000000,30.166012
30.000000,36.000000,31.444419
31.000000,36.000000,32.802826
32.000000,36.000000,34.241233
33.000000,36.000000,35.759640
34.000000,36.000000,37.358047
35.000000,36.000000,39.036453
36.000000,36.000000,40.794860
37.000000,36.000000,42.636152
38.000000,36.000000,44.555946
39.000000,36.000000,46.536748
0.000000,37.000000,29.736403
1.000000,37.000000,28.712415
2.000000,37.000000,27.749435
3.000000,37.000000,26.864957
4.000000,37.000000,26.063364
5.000000,37.000000,25.341771
6.000000,37.000000,24.700177
7.000000,37.000000,24.138584
8.000000,37.000000,23.656991
9.000000,37.000000,23.255398
10.000000,37.000000,22.933805
11.000000,37.000000,22.692212
12.000000,37.000000,22.530619
13.000000,37.000000,22.449026
14.000000,37.000000,22.447432
15.000000,37.000000,22.525839
16.000000,37.000000,22.684246
17.000000,37.000000,22.922653
18.000000,37.000000,23.241060
19.000000,37.000000,23.639467
20.000000,37.000000,24.117874
21.000000,37.000000,24.676280
22.000000,37.000000,25.314687
23.000000,37.000000,26.033094
24.000000,37.000000,26.831501
25.000000,37.000000,27.709908
26.000000,37.000000,28.668315
27.000000,37.000000,29.706722
28.000000,37.000000,30.825129
29.000000,37.000000,32.023535
30.000000,37.000000,33.301942
31.000000,37.000000,34.660349
32.000000,37.000000,36.098756
33.000000,37.000000,37.617163
34.000000,37.000000,39.215570
35.000000,37.000000,40.893977
36.000000,37.000000,42.652383
37.000000,37.000000,44.493675
38.000000,37.000000,46.413469
39.000000,37.000000,48.394271
0.000000,38.000000,31.672428
1.000000,38.000000,30.648441
2.000000,38.000000,29.685460
3.000000,38.000000,28.800982
4.000000,38.000000,27.999389
5.000000,38.000000,27.277796
6.000000,38.000000,26.636203
7.000000,38.000000,26.074610
8.000000,38.000000,25.593017
9.000000,38.000000,25.191423
10.000000,38.000000,24.869830
11.000000,38.000000,24.628237
12.000000,38.000000,24.466644
13.000000,38.000000,24.385051
14.000000,38.000000,24.383458
15.000000,38.000000,24.461865
16.000000,38.000000,24.620272
17.000000,38.000000,24.858678
18.000000,38.000000,25.177085
19.000000,38.000000,25.575492
20.000000,38.000000,26.053899
21.000000,38.000000,26.612306
22.000000,38.000000,27.250713
23.000000,38.000000,27.969120
24.000000,38.000000,28.767526
25.000000,38.000000,29.645933
26.000000,38.000000,30.604340
27.000000,38.000000,31.642747
28.000000,38.000000,32.761154
29.000000,38.000000,33.959561
30.000000,38.000000,35.237968
31.000000,38.000000,36.596375
32.000000,38.000000,38.034781
33.000000,38.000000,39.553188
34.000000,38.000000,41.151595
35.000000,38.000000,42.830002
36.000000,38.000000,44.588409
37.000000,38.000000,46.429701
38.000000,38.000000,48.349495
39.000000,38.000000,50.330296
0.000000,39.000000,33.669461
1.000000,39.000000,32.645474
2.000000,39.000000,31.682493
3.000000,39.000000,30.798015
4.000000,39.000000,29.996422
5.000000,39.000000,29.274829
6.000000,39.000000,28.633236
7.000000,39.000000,28.071643
8.000000,39.000000,27.590050
9.000000,39.000000,27.188456
10.000000,39.000000,26.866863
11.000000,39.000000,26.625270
12.000000,39.000000,26.463677
13.000000,39.000000,26.382084
14.000000,39.000000,26.380491
15.000000,39.000000,26.458898
16.000000,39.000000,26.617305
17.000000,39.000000,26.855711
18.000000,39.000000,27.174118
19.000000,39.000000,27.572525
20.000000,39.000000,28.050932
21.000000,39.000000,28.609339
22.000000,39.000000,29.247746
23.000000,39.000000,29.966153
24.000000,39.000000,30.764559
25.000000,39.000000,31.642966
26.000000,39.000000,32.601373
27.000000,39.000000,33.639780
28.000000,39.000000,34.758187
29.000000,39.000000,35.956594
30.000000,39.000000,37.235001
31.000000,39.000000,38.593408
32.000000,39.000000,40.031814
33.000000,39.000000,41.550221
34.000000,39.000000,43.148628
35.000000,39.000000,44.827035
36.000000,39.000000,46.585442
37.000000,39.000000,48.426734
38.000000,39.000000,50.346528
39.000000,39.000000,52.327329