10.0,17.0,2.832669
10.0,16.718956863589206,2.6892035049407
9.568387434176183,16.718956863589206,2.955323373978254
9.568387434176183,16.929203444431266,3.050653378663661
9.95764833091291,16.929203444431266,2.823484906878256
9.95764833091291,16.6569568796339,2.68450984171332
10.359342106470145,16.6569568796339,2.484004402679761
10.359342106470145,16.253520047151014,2.2716934130632436
10.628615485603609,16.253520047151014,2.1254435012012434
11.060884935238061,16.253520047151014,1.9022295526551418
10.990066185409223,16.253520047151014,1.92912950551722
10.990066185409223,16.351540525829805,1.9850637154295279
11.350755078109016,16.351540525829805,1.8557813382352857
11.350873564981875,16.351540525829805,1.855739488553305
11.392331681965219,16.351540525829805,1.8387773813680601
11.427256096331469,16.351540525829805,1.8244565204839365
11.802440906533194,16.351540525829805,1.6706108635062882
11.867673258678707,16.351540525829805,1.6438621418119643
11.867673258678707,16.297115793258506,1.6097111663708
11.867673258678707,16.29410963303576,1.6078248308926288
12.165996459140255,16.29410963303576,1.5220170565562992
12.165996459140255,16.37536873889467,1.5730063328917079
12.057058021886155,16.37536873889467,1.593709538199663
12.057058021886155,16.003946418846457,1.3586209198383237
12.11538716376974,16.003946418846457,1.3453120178638882
11.757216131210908,16.003946418846457,1.4710435921105367
11.61741662823215,16.003946418846457,1.5283687977054858
11.713938623362363,16.003946418846457,1.4887896640363563
11.713938623362363,15.680961420596097,1.341954351711089
11.571481263119804,15.680961420596097,1.4026292484245955
11.609837419820229,15.680961420596097,1.3869011913011158
11.609837419820229,15.562942678046307,1.3311223234373832
11.609837419820229,15.985346173549997,1.5224735514972774
11.609837419820229,16.121314095498036,1.6051237182745184
11.124167884142443,16.121314095498036,1.8042739683878017
11.368154832488374,16.121314095498036,1.7042263882577078
11.368154832488374,15.71077642365823,1.4992834040181728
11.368154832488374,15.992291681821394,1.6246697369735301
11.368154832488374,16.252294764943137,1.786415448527814
11.180399770428275,16.252294764943137,1.859317600762585
11.180399770428275,16.190889190800718,1.824277246745105
10.985229917974209,16.19088919080072,1.8960166711706459
10.897477683904864,16.19088919080072,1.9436773665562612
11.324607845228766,16.19088919080072,1.765740637575954
11.324607845228766,15.844823702319962,1.5768443666063154
11.633995970752947,15.844823702319962,1.4499788375707483
12.007625030049912,15.844823702319962,1.2875242257333281
12.007625030049912,15.610525725338567,1.1671126379131647
11.910661985894144,15.610525725338567,1.2116078201854035
12.24663948556433,15.610525725338567,1.1125769486128954
12.332053490065102,15.610525725338567,1.0930881206199587
11.964000679155516,15.610525725338567,1.1860809883643761
11.964000679155516,15.661662109337158,1.212361254510852
11.964000679155516,15.669320404495247,1.216297043849973
11.670113415986869,15.669320404495247,1.3569456102572242
11.670113415986869,15.239825593684795,1.1362174896114627
11.670113415986869,15.053316299494208,1.0403657005945652
12.136998544458748,15.053316299494208,0.8464161045498573
12.094641969660959,15.053316299494208,0.8585170391169874
11.887154282722745,15.053316299494208,0.9364942825921091
11.887154282722745,15.201562369683012,1.0126816442138906
11.887154282722745,14.95864555664703,0.8979382182167547
11.887154282722745,14.470891547529996,0.738958372510317
11.553452295798035,14.470891547529996,0.9206324082318678
11.553452295798035,14.041831630260129,0.7766429034155212
11.188843926246193,14.041831630260129,0.975142991966935
11.585810772613042,14.041831630260129,0.7590263014678948
11.22135831119182,14.041831630260129,0.957441510514837
10.846704478405798,14.041831630260129,1.174547429278896
10.846704478405798,14.02307296495382,1.1694872230365234
11.186748895628307,14.02307296495382,0.9699882917697844
11.186748895628307,14.233913715175396,1.037639639939913
11.186748895628307,14.433006369133349,1.091345480623033
11.593180597641165,14.433006369133349,0.8862895254687646
11.34745812823199,14.433006369133349,1.0144332560835623
11.34745812823199,14.269177538336276,0.9650859434508259
11.61089148356562,14.269177538336276,0.821667556140091
11.61089148356562,14.00549203082201,0.733176545616856
11.328664179907172,14.00549203082201,0.8868267342745884
10.829086644303807,14.00549203082201,1.1761625320899856
10.365068298599653,14.00549203082201,1.4768849336289709
10.365068298599653,13.54844894029558,1.4591728905486256
10.490578492850833,13.54844894029558,1.3778318673277379
10.132322471501139,13.54844894029558,1.6100115044121117
10.132322471501139,13.146234866123411,1.5955543217300672
10.132322471501139,13.63520439478798,1.6131298424683864
10.132322471501139,14.121037326711336,1.6588922376944903
10.132322471501139,14.131999266705392,1.661849253893707
10.407732074925269,14.131999266705392,1.4833609718777867
10.348550918001244,14.131999266705392,1.5217152736005795
10.348550918001244,13.884947172591225,1.4819726165806184
10.348550918001244,14.250026771869347,1.5535535472010715
10.348550918001244,14.318694757385781,1.5720769422980863
10.348550918001244,13.923232786355598,1.4833487546817652
10.112802221788694,13.923232786355598,1.636133476969283
10.1327371271596,13.923232786355598,1.62321400369179
10.1327371271596,13.597394742105243,1.611502081029255
10.1327371271596,13.685358949104337,1.6146638664856305
10.18052318432213,13.685358949104337,1.5836945352015672
10.227115008377936,13.685358949104337,1.553499166092008
10.589012495188353,13.685358949104337,1.3189595571474528
10.589012495188353,14.146194758663407,1.3697054898145768
11.085896537126866,14.146194758663407,1.0622431099955547
10.682522853139321,14.146194758663407,1.3091030165026392
10.405982413532474,14.146194758663407,1.4883241742243638
10.569040664182793,14.146194758663407,1.3826488939681527
10.603460340132253,14.146194758663407,1.3603420871197989
10.603460340132253,13.665505766998878,1.3088825516750766
10.603460340132253,14.133137587700933,1.3568198760811587
10.604478122930246,14.133137587700933,1.3561602683520873
10.604478122930246,13.799155393679069,1.3130268461273977
10.789968285309676,13.799155393679069,1.1928138252220495
11.272061997868526,13.799155393679069,0.9069184620073306
11.245991113221088,13.799155393679069,0.9211119730270891
11.568780470688408,13.799155393679069,0.7453789910347308
11.568780470688408,13.308680242439987,0.719754744492319
11.302154432218595,13.308680242439987,0.8688486896112789
11.387675757009617,13.308680242439987,0.8210933358689955
10.893382443819235,13.308680242439987,1.1033265716867526
10.893382443819235,12.850068997794013,1.1148310789100586
10.773259040345545,12.850068997794013,1.1922030144414333
10.345967076749373,12.850068997794013,1.4726582312075986
10.345967076749373,13.290491406537344,1.4618211473716203
10.345967076749373,13.385060189398574,1.4656792224467783
9.90972135888666,13.385060189398574,1.7553603406083629
9.90972135888666,13.777387588880995,1.7694621566553588
9.92038503138826,13.777387588880995,1.7617293732134784
9.92038503138826,14.170047617374856,1.8074933587050568
9.92038503138826,13.861182814897159,1.7647413088174035
9.92038503138826,14.165268339977873,1.8064194980874513
9.92038503138826,14.0021040568335,1.769757952143459
9.813130494818147,14.0021040568335,1.8469332756960943
9.813130494818147,14.212836703462498,1.89428300479981
9.813130494818147,14.157976983049682,1.8819565193605343
9.813130494818147,14.601927731869592,1.9817082570636289
10.281434724343864,14.601927731869592,1.6775346950929495
10.281434724343864,14.495714973028079,1.653669644096091
10.778237190168756,14.495714973028079,1.3413563082031055
11.01901839491968,14.495714973028079,1.188533777678583
10.784112625826422,14.495714973028079,1.3375485382357781
10.784112625826422,14.959539428827135,1.4547614940641231
10.784112625826422,15.021301346235218,1.4733401972719986
10.496833055892811,15.021301346235218,1.646575810812935
10.496833055892811,15.140498781159412,1.6996661099333013
10.370718644110053,15.140498781159412,1.7757157486409518
10.842874128782972,15.140498781159412,1.4909960761180032
10.757409128648606,15.140498781159412,1.542533265964029
10.757409128648606,14.95664256085095,1.47021336347335
10.757409128648606,15.03426931186046,1.495218872797214
10.757409128648606,15.039032628106428,1.4973404443265361
10.757409128648606,15.160205761655472,1.5513107156630133
10.757409128648606,15.636035954970168,1.7632445321049923
10.757409128648606,15.784935136203922,1.8279153144576332
10.869963345437542,15.784935136203922,1.7616913732658623
10.970336549384436,15.784935136203922,1.7011642234486022
10.970336549384436,15.317657582250579,1.4930397354728913
10.970336549384436,15.771813234522124,1.695319754683333
11.390151763542722,15.771813234522124,1.5174491699337014
11.390151763542722,15.585624393799126,1.4345210326533593
11.390151763542722,15.504982756658546,1.398603408754219
11.27132044194291,15.504982756658546,1.4473305486701868
11.713773411334255,15.504982756658546,1.2515935840193952
11.713773411334255,15.151815876030275,1.0700922948925111
11.713773411334255,15.149844539377565,1.069079175703267
11.713773411334255,15.01246910562161,0.9984785059102382
11.753216756991703,15.01246910562161,0.9796017095454969
11.753216756991703,15.100822820875436,1.025008892657319
11.549319810869475,15.100822820875436,1.1225898931324951
11.424981998238408,15.100822820875436,1.1820954835014712
11.424981998238408,15.568919061959942,1.4127982690351804
11.424981998238408,15.69952021850941,1.47096776296
11.424981998238408,15.25220419650291,1.259894156970821
11.424981998238408,15.266925923690833,1.267460020615874
11.424981998238408,15.606395918388932,1.4294903859349395
11.699395353145938,15.606395918388932,1.3105933942494488
11.699395353145938,15.315129895720272,1.1609045035494576
11.770666633743396,15.315129895720272,1.1267954940811262
11.673253126054654,15.315129895720272,1.1734156505908047
12.004811521611963,15.315129895720272,1.0159432915833608
12.004811521611963,15.166560668331943,0.9395898513978139
12.501210231970852,15.166560668331943,0.8070770072047356
12.501210231970852,15.456149247693874,0.9725618217039524
12.124945470784274,15.456149247693874,1.0610058189976974
12.124945470784274,15.662115692618348,1.1668571242055077
12.281461594808373,15.662115692618348,1.131144996703053
12.281461594808373,15.58672444296337,1.0923995487241178
12.446218296483634,15.58672444296337,1.0548071768595753
12.07602025001689,15.58672444296337,1.1392748949238458
11.843666540989055,15.58672444296337,1.2314384261634075
11.710013724067005,15.58672444296337,1.2954019912859622
11.710013724067005,15.82912398233458,1.41181490588901
11.710013724067005,16.089556210191194,1.5441183687380247
11.710013724067005,16.200112446926177,1.613491301726859
11.710013724067005,15.717868180661375,1.3622617943353674
11.710013724067005,15.313456711848099,1.154962872572547
11.710013724067005,15.517552873133859,1.2598529922613309
11.710013724067005,15.365366203870284,1.1816404582600484
11.641467089989732,15.365366203870284,1.2144455063967499
11.641467089989732,15.09170856932766,1.0738060065644315
11.348955052296951,15.09170856932766,1.2137964175634426
11.227897285644165,15.09170856932766,1.2717322435281329
10.90719116135781,15.09170856932766,1.430480492048253
10.888372814684308,15.09170856932766,1.441828350277655
11.301082541968745,15.09170856932766,1.2367072435563156
11.301082541968745,15.034533296694,1.2073234415680625
11.720617496106854,15.034533296694,1.0065424032166461
11.720617496106854,14.992197032553683,0.9866900048356355
12.127269269548627,14.992197032553683,0.8161095665899019
12.127269269548627,14.6211252564114,0.6915804760189845
12.127269269548627,14.33726394663651,0.5963186074876998
12.389108971320603,14.33726394663651,0.5176647469168096
12.24719992195145,14.33726394663651,0.5620553795414325
12.450148977940062,14.33726394663651,0.495695227734334
12.450148977940062,14.486255024630907,0.5540748206753079
12.819614568952245,14.486255024630907,0.4237768447919709
12.79239231367638,14.486255024630907,0.4335746789108601
12.79239231367638,14.320638272108631,0.36570145577542856
12.79239231367638,14.245760412155136,0.335014936331427
12.585972168080618,14.245760412155136,0.40930967513425387
12.585972168080618,13.927158483944885,0.30426846192048873
12.500406518758473,13.927158483944885,0.3350652504245153
12.552237547090739,13.927158483944885,0.316410226707166
12.880649270868238,13.927158483944885,0.19820827908516842
12.493825951582366,13.927158483944885,0.3374337281625396
12.493825951582366,13.799882943695076,0.32987941574655244
12.493825951582366,14.153545819764538,0.4046834649081977
12.493825951582366,14.283667507421526,0.45801006506547226
12.493825951582366,14.27165116872155,0.4530855171231095
12.493825951582366,13.778871352580053,0.3286322937675113
12.493825951582366,13.61268419677368,0.31876842132177985
12.493825951582366,13.719436631185959,0.32510460531388624
12.493825951582366,13.30908292599556,0.2965516641837598
12.322839223724783,13.30908292599556,0.3619775127710018
12.35442839952909,13.30908292599556,0.3498903253087694
12.35442839952909,13.003828541712668,0.3248377927362882
12.35442839952909,12.743018281335033,0.3878803673724862
12.35442839952909,12.701038775460484,0.3982300787098092
12.35442839952909,12.343715659656645,0.48706963048183566
12.658195013197572,12.343715659656645,0.39194511541155036
12.425021950131912,12.343715659656645,0.4649632601105618
12.425021950131912,12.54424273108954,0.40987518465909833
12.425021950131912,12.784335799328064,0.35068215942943615
12.425021950131912,12.972087264721633,0.30439353764837473
12.425021950131912,12.571052937751103,0.4032653426883431
12.654230041252719,12.571052937751103,0.3213415737171677
12.654230041252719,12.919488969474193,0.22965773019307706
12.654230041252719,12.857069500806618,0.24504675083731814
12.654230041252719,12.932750309875079,0.2263882528079618
12.618185922704205,12.932750309875079,0.2401800661970094
12.618185922704205,12.738437102447428,0.28808643298263736
12.619403488307304,12.738437102447428,0.2876205473329644
12.75193590872664,12.738437102447428,0.2378467311328945
12.75193590872664,12.994399494986078,0.17380325939970687
12.75193590872664,12.610323149843113,0.2783344554604834
12.75193590872664,12.471242693786245,0.3222879129076795
12.75193590872664,12.125101004659387,0.43167872478075137
12.75193590872664,11.854806058938987,0.537790338364841
12.75193590872664,11.91222557028598,0.5114616549878818
12.75193590872664,11.720292471089444,0.6015836006184607
12.75193590872664,12.01357557928403,0.46692399343669994
13.234936363645641,12.01357557928403,0.3875591841293514
13.234936363645641,11.74954688946025,0.5234621696526166
13.298503022304711,11.74954688946025,0.5230164402420993
13.019882799998138,11.74954688946025,0.5249701252409129
13.216122219253393,11.74954688946025,0.5235940944330951
13.70905092083391,11.74954688946025,0.5201376783776125
13.70905092083391,11.588629247268484,0.6049103846853632
14.173476903709203,11.588629247268484,0.6560531904209158
14.173476903709203,11.73732697099085,0.5776453267952835
14.173476903709203,11.417142724684497,0.7464775193198843
14.173476903709203,11.141337314993216,0.8897965099655097
14.173476903709203,11.505031673482321,0.700133940285638
14.059750313257302,11.505031673482321,0.6656393006824912
13.638028023562807,11.505031673482321,0.6493511496163525
13.42539169091497,11.505031673482321,0.6505837436726729
13.42539169091497,11.945588263582202,0.41913557683734004
13.42539169091497,11.573163701570651,0.6147903101883563
13.705605732238933,11.573163701570651,0.613082784196181
13.705605732238933,11.921305246977596,0.4299278958848727
13.705605732238933,11.966618631342671,0.40612232815514304
13.776991085302106,11.966618631342671,0.4056217740594641
13.776991085302106,11.887737947681252,0.4470620567437251
13.776991085302106,11.501406792982355,0.6505581344693869
13.490434223908963,11.501406792982355,0.6520320109014984
13.490434223908963,11.237441481551626,0.791198808021278
13.490434223908963,11.114393464711636,0.8560816581569539
13.62135800577242,11.114393464711636,0.8554180055066881
13.62135800577242,10.73315035281302,1.0851967356694179
13.62135800577242,10.93088691240503,0.9596267040757861
13.62135800577242,10.872860307747436,0.9964757450177313
13.250660408726384,10.872860307747436,0.9983548111371576
13.250660408726384,10.871054946366096,0.9995012824126797
13.613842049032176,10.871054946366096,0.9976603146779697
13.590615169931901,10.871054946366096,0.997778051728129
14.057829399975114,10.871054946366096,1.0095715966201424
14.057829399975114,10.749378317156966,1.0869626781856883
14.057829399975114,11.10128192560883,0.8779526954374923
14.057829399975114,11.600373200181348,0.6147833636292275
14.057829399975114,11.834440658483139,0.49136029506906814
14.271170773735617,11.834440658483139,0.5560692938271139
14.01588924498591,11.834440658483139,0.4786393427789827
14.078608605215619,11.834440658483139,0.49766287736897613
14.026630094120188,11.834440658483139,0.48189717121159875
14.026630094120188,12.091451163135787,0.3673003117522548
14.026630094120188,12.009546709721636,0.3922178695992091
14.026630094120188,12.418059238317683,0.2632126044483106
14.026630094120188,12.09467024407805,0.36627441318952236
14.026630094120188,11.911187306517915,0.44142889394280543
14.026630094120188,11.802378060531646,0.4988036829236269
14.352225682631838,11.802378060531646,0.5975607320662726
14.271378992031298,11.802378060531646,0.5730389606468416
14.271378992031298,11.798261103245673,0.5752098198728632
14.271378992031298,11.546804039127522,0.707802375411172
14.271378992031298,11.524191862752108,0.7197257081773989
14.271378992031298,11.151018949518697,0.9085880020124961
14.271378992031298,11.483625884837304,0.7411160266339413
14.271378992031298,11.75736280909599,0.5967753676831086
13.847330011543034,11.75736280909599,0.5152367470235997
13.847330011543034,11.647702736945739,0.5730601740882111
13.847330011543034,11.722877118971427,0.5334209479692118
14.272039483612195,11.722877118971427,0.6151599036511057
13.853177845918312,11.722877118971427,0.5333913052967636
13.776035665000236,11.722877118971427,0.5337823390118372
13.776035665000236,11.67124432178883,0.5610081580678291
13.776035665000236,11.83104676870913,0.47685169378860165
13.776035665000236,12.250413992110134,0.30828625152946326
13.808053879290986,12.250413992110134,0.3080617398108565
13.808053879290986,11.979430301215778,0.3986732997334976
14.070389071450817,11.979430301215778,0.41871719049971406
14.070389071450817,12.246523625501968,0.334187330308263
13.63749796471638,12.246523625501968,0.31049751048930996
14.010081484735213,12.246523625501968,0.311712682889719
14.010081484735213,12.424620442234556,0.2549544740747605
13.910770977467783,12.424620442234556,0.25182311130893864
13.910770977467783,12.70903894192536,0.16118092638697704
13.427308303281905,12.70903894192536,0.16532149707971455
13.427308303281905,12.288551163821296,0.29857747812568697
13.427308303281905,12.490898646242202,0.23426015658416732
13.427308303281905,12.7017627634075,0.16762098050053567
13.506870856835588,12.7017627634075,0.1668511332323502
13.506870856835588,13.007230942394148,0.07320098014666171
13.935297475175513,13.007230942394148,0.06905552418760459
13.935297475175513,12.756141068182671,0.14599782866172917
14.013905828731385,12.756141068182671,0.150726378033499
13.756053604951102,12.756141068182671,0.1472549196817917
13.895521359295948,12.756141068182671,0.1462767387862767
13.895521359295948,13.154613342870139,0.08169951857404768
13.895521359295948,12.65606298457962,0.178170923483984
13.895521359295948,12.336527471171834,0.2800046548584515
13.895521359295948,12.810370934169718,0.1289940601052668
13.895521359295948,12.876669753180364,0.10786509057830707
13.895521359295948,13.003867147854336,0.06916060081882824
13.431903705296524,13.003867147854336,0.07364656523892668
13.538126429855977,13.003867147854336,0.07261875415608941
13.430571276769646,13.003867147854336,0.07365945781735275
13.430571276769646,13.430882749518888,0.10917784343640236
13.430571276769646,13.158544257165651,0.08652534509275864
13.430571276769646,12.666193299509478,0.178830390075296
13.430571276769646,12.952128054596086,0.08846671536003045
13.430571276769646,13.227085252010099,0.0922265165029249
13.037636438004618,13.227085252010099,0.09581864471689724
12.738689787808958,13.227085252010099,0.1961280693798644
13.176544001408015,13.227085252010099,0.09462848471365695
13.228144924323951,13.227085252010099,0.09418519388918946
13.228144924323951,13.532883842880121,0.11928356415740682
13.221187871031571,13.532883842880121,0.11934317219001592
13.428158377369295,13.532883842880121,0.11756984889171432
13.514465479760844,13.532883842880121,0.11683036963842353
13.508170887744036,13.532883842880121,0.11688430170282352
13.508170887744036,13.034982919244896,0.07549678273005996
13.183232188724364,13.034982919244896,0.0786408895817743
13.173390041851626,13.034982919244896,0.07873612219491491
12.905392569076716,13.034982919244896,0.11657538671154072
12.905392569076716,12.622444509433008,0.2264488011220226
12.524051527427114,12.622444509433008,0.35270278145523903
12.524051527427114,12.548783989321814,0.37086319340449286
12.88644272451064,12.548783989321814,0.25566180545810935
12.88644272451064,12.5994956654664,0.23963544515781215
12.88644272451064,12.680187506863268,0.21413448321300121
12.88644272451064,12.65254789912587,0.22286940080664308
12.88644272451064,12.762543588075904,0.18810757322345323
13.176846502334632,12.762543588075904,0.1508359456473704
13.439441397369398,12.762543588075904,0.14829507744301398
13.439441397369398,12.60555640750787,0.19790757913074933
13.924122135800777,12.60555640750787,0.1940664674058596
13.924122135800777,13.002956179405826,0.06880808626078891
13.924122135800777,12.773584761932456,0.14051700704922465
13.703894567786877,12.773584761932456,0.14224689743334193
13.703894567786877,13.096988675993972,0.07876053724259674
13.703894567786877,13.481593394387117,0.11075157311382017
13.703894567786877,13.77437128870767,0.1350264573787292
13.703894567786877,13.566705270318616,0.11783109384192636
13.703894567786877,13.779726792903423,0.13546598896357886
13.714832147749844,13.779726792903423,0.13537227577845617
13.646168475430983,13.779726792903423,0.13596058612288417
13.646168475430983,13.878316567879407,0.1440519475449382
13.646168475430983,13.724442354357135,0.1314233369669518
13.707094419880963,13.724442354357135,0.13090132347490435
13.707094419880963,14.09185340867934,0.19138511166009994
13.617924302274545,14.09185340867934,0.1921491212277517
13.491488495826195,14.09185340867934,0.1932324232174012
13.684345716760653,14.09185340867934,0.19158002254843476
13.684345716760653,14.024678011014132,0.16388555417760176
13.664261413776995,14.024678011014132,0.16405763648556573
13.664261413776995,14.456045033065852,0.3418977500338505
13.664261413776995,14.514987419700649,0.366197986714165
13.664261413776995,14.282788480131835,0.27046909769919036
13.763676503919712,14.282788480131835,0.26961730920684757
13.763676503919712,13.97646406441303,0.15110020194485765
13.763676503919712,14.289024579508355,0.27218827213290514
13.522152443215205,14.289024579508355,0.27425765028502136
13.522152443215205,14.228559628612649,0.24932970451429742
13.522152443215205,14.626150202478959,0.41298997348253874
13.522152443215205,15.11991565913547,0.6349042702782578
13.330453159306606,15.11991565913547,0.6360770864972107
13.330453159306606,14.805836751046217,0.4878021107218736
13.10792218664615,14.805836751046217,0.48916355521261035
13.373507071513767,14.805836751046217,0.48753870688699025
13.373507071513767,15.154050937547103,0.6553706711815902
13.373507071513767,15.393267931210433,0.7923950999425157
13.416921310752357,15.393267931210433,0.7921586981774856
13.416921310752357,14.950648831024296,0.546620130000025
13.809305057050576,14.950648831024296,0.5442195262401724
14.101660417834086,14.950648831024296,0.5710067901855321
13.819881506977005,14.950648831024296,0.5441548195195225
13.717387803043353,14.950648831024296,0.5447818760001886
13.717387803043353,14.712551921381902,0.4471929144835625
13.832338260978746,14.712551921381902,0.4462080189599721
13.753337946917748,14.712551921381902,0.4468848936508467
14.248786906272503,14.712551921381902,0.5134772315769713
13.765486727608195,14.712551921381902,0.44678080289789096
14.118429354609196,14.712551921381902,0.47747729903697744
13.627427535736745,14.712551921381902,0.447755139309015
13.48314660409871,14.712551921381902,0.44863785004877643
13.496908237178566,14.712551921381902,0.4485536563775939
13.496908237178566,14.511546092465629,0.3661772465652981
13.307997046064568,14.511546092465629,0.36733300523253354
13.307997046064568,14.017282698552997,0.1640612367244612
12.838593547036384,14.017282698552997,0.22475122335435238
12.838593547036384,13.935259942657076,0.2138258291871329
12.838593547036384,14.056064807794089,0.24064494614564597
13.153515804682748,14.056064807794089,0.18137357095955492
12.887743972335914,14.056064807794089,0.22295472507183922
13.11398104613585,14.056064807794089,0.18171230477078476
13.11398104613585,14.549475293483628,0.38406417821049466
13.11398104613585,14.414495004529247,0.3287464212109213
13.11398104613585,14.546954937429135,0.3830312833718863
12.725005412103776,14.546954937429135,0.4827046714877543
12.257987861376563,14.546954937429135,0.6293441802242625
12.728795392177494,14.546954937429135,0.48134058185962186
12.649676755777193,14.546954937429135,0.5098169614728181
12.649676755777193,14.34832159101283,0.4284128448111417
12.947081442398218,14.34832159101283,0.3213709500025023
12.947081442398218,14.692934552212874,0.46260057837446544
12.947081442398218,14.484005820321508,0.3769771965420141
12.947081442398218,14.207644500630009,0.2637185241447241
12.947081442398218,14.571321634649227,0.412761050885614
12.947081442398218,14.64689469436929,0.4437324777931503
12.947081442398218,14.696996698317797,0.46426533115333113
12.835099243637789,14.696996698317797,0.5045699641311849
12.86294967651692,14.696996698317797,0.49454603632932825
12.86294967651692,15.057651581441167,0.6414950619279204
12.86294967651692,15.278310059660226,0.7675899079892453
12.652639270776277,15.278310059660226,0.8276739084261009
12.652639270776277,15.76836696593295,1.101058943193339
12.652639270776277,15.27755391546156,0.8272418113360616
12.652639270776277,15.536733634515523,0.9753495434300103
12.652639270776277,15.43548118009338,0.9174890308553855
13.029247095977375,15.43548118009338,0.8181151428766665
13.277199599486881,15.43548118009338,0.8169646432603824
13.277199599486881,15.266210553697197,0.7202190405378598
13.606053831590488,15.266210553697197,0.7182071103458499
13.606053831590488,15.50417986420749,0.8545459155392698
13.606053831590488,15.062425427179146,0.601453312950369
13.606053831590488,14.82045066248327,0.49210507360788525
13.606053831590488,15.154211007420743,0.6540396582958661
13.165612786485967,15.154211007420743,0.6567342766098156
13.122977239266653,15.154211007420743,0.6569489573783717
13.122977239266653,15.227292083556417,0.6987109921739503
13.122977239266653,15.585426292934603,0.9033660698546957
13.164694107637676,15.585426292934603,0.9031725035854541
13.164694107637676,16.07442805346597,1.1896826188571166
13.164694107637676,15.961260666426732,1.1179423046487842
12.841663954763778,15.961260666426732,1.1570622650988618
12.841663954763778,15.50033526755426,0.9005469294089732
13.26062192183939,15.50033526755426,0.8541023022560117
13.26062192183939,15.744029020504213,0.9933606099917567
13.26062192183939,15.245743229518672,0.7085942005974011
13.26062192183939,15.714818090356328,0.9766680823806081
13.26062192183939,15.67850161072005,0.955915102725416
13.26062192183939,15.18365752538428,0.6730236864705008
13.26062192183939,14.722555243739242,0.45409882762664644
13.26062192183939,14.83584029397939,0.500525420201114
13.26062192183939,15.090276493799887,0.6195232655689809
13.26062192183939,15.151292751186656,0.6544810658485526
13.26062192183939,15.242528075049101,0.706752155007768
13.657013217677104,15.242528075049101,0.7043270330598328
13.646807977340822,15.242528075049101,0.7043894687202102
13.646807977340822,15.30859701596907,0.7422420827657243
13.22613233656794,15.30859701596907,0.7446938935398181
13.005690177553003,15.30859701596907,0.7457167451576474
13.005690177553003,15.568981779103305,0.8945130972811797
13.22017291598413,15.568981779103305,0.8935178973748592
13.22017291598413,15.681158068013083,0.9576208133197739
12.784121760141058,15.681158068013083,1.020317101751721
12.784121760141058,15.432944852572405,0.8784761562145762
12.784121760141058,15.141385583339206,0.7118651949298033
13.11315924284789,15.141385583339206,0.6496654499412083
13.491147582785958,15.141385583339206,0.6473946358087134
13.491147582785958,14.874386684734661,0.514912184613159
13.589215716110257,14.874386684734661,0.5143122037734811
13.589215716110257,14.820824456463976,0.4923612778213605
13.589215716110257,14.776253476671313,0.4740951543117514
13.898626507180996,14.776253476671313,0.47190236516723194
13.92866439503857,14.776253476671313,0.47164500054406827
13.92866439503857,14.800127167963169,0.48148743112665293
13.92866439503857,15.21302531458043,0.6857621726124611
13.92866439503857,15.326311118407773,0.7506665550560456
13.92866439503857,15.74956799327718,0.9931614233474759
14.38758667426444,15.74956799327718,1.0779572397204435
14.393142619798645,15.74956799327718,1.079179019923143
14.393142619798645,15.701380881602592,1.0515713707798677
14.393142619798645,15.477332138761412,0.9232080207388417
14.393142619798645,15.690920882233526,1.045578565181346
14.393142619798645,15.771108409651756,1.091520084514963
14.393142619798645,15.501864836000841,0.9372634408374391
14.727962764442003,15.501864836000841,1.0236118820034794
14.727962764442003,15.319928975391713,0.9296114447742825
14.499644036816452,15.319928975391713,0.8665582599970275
14.499644036816452,15.317096431152304,0.8650947750299406
14.693771720317848,15.317096431152304,0.9187056584887365
14.693771720317848,15.303935167187323,0.9119056545584775
14.376158475499013,15.303935167187323,0.8241926280295735
14.376158475499013,15.593839262971501,0.9862230831318208
14.376158475499013,15.34302061915431,0.8443868303264526
14.376158475499013,14.896226949335652,0.6243764336987925
13.920696567672245,14.896226949335652,0.5211748524377428
13.755045702543521,14.896226949335652,0.5222482549955251
13.755045702543521,15.054010436705141,0.5957206138515685
13.755045702543521,15.00854837882239,0.5696742188770352
13.755045702543521,14.880201140408102,0.5156805419550277
13.354766214681035,14.880201140408102,0.5181294518617704
13.354766214681035,14.85851484040752,0.5092419507092313
13.733489254856513,14.85851484040752,0.5069249231494377
13.733489254856513,15.03942316774043,0.5874950705396418
14.14853749800168,15.03942316774043,0.6246672502907508
14.448544696844367,15.03942316774043,0.7075181383447436
14.409250488016228,15.03942316774043,0.6966665317521384
14.208288784846204,15.03942316774043,0.6411683449195948
14.49583501630453,15.03942316774043,0.7205779748378208
14.703260671183903,15.03942316774043,0.777861265966273
14.825508066580692,15.03942316774043,0.8116214734212365
15.046046621794481,15.03942316774043,0.8788572529444397
14.730370939163898,15.03942316774043,0.7853481189024322
14.730370939163898,14.742264818905786,0.6587226888274268
14.837466611582181,14.742264818905786,0.6953019756859237
14.455708682423612,14.742264818905786,0.5828711360192596
14.595361859427886,14.742264818905786,0.6214381763402906
14.791086755693877,14.742264818905786,0.6790816878256747
14.791086755693877,14.872116788450963,0.7290243522041553
14.791086755693877,14.98795708230833,0.776781945993026
14.791086755693877,15.303602229405087,0.9386084483749555
14.504752698545568,15.303602229405087,0.859533576150707
14.35114404268946,15.303602229405087,0.8171125489235167
14.35114404268946,15.603157453680174,0.9860609180147931
14.35114404268946,15.568517628745983,0.966214861674547
14.35114404268946,15.679635332993922,1.0298770834985014
14.35114404268946,15.268238980753882,0.7988414899693961
14.35114404268946,14.828872770497535,0.5897001982270386
14.611060118414816,14.828872770497535,0.6614794014475799
14.611060118414816,14.626918174365008,0.5782193781454268
14.974885498347247,14.626918174365008,0.7042923547651362
14.812658287957758,14.626918174365008,0.6475571191572516
14.812658287957758,14.13844513756632,0.4821078822822784
14.812658287957758,14.126299811305055,0.47799417526030397
14.689070206016304,14.126299811305055,0.43477208612716495
15.110606852674342,14.126299811305055,0.5957686165199889
14.916252761237391,14.126299811305055,0.5142239596169704
15.282232080948914,14.126299811305055,0.6872676405219063
15.130760211285061,14.126299811305055,0.6055879495243702
15.276193579359735,14.126299811305055,0.6840114389249572
15.276193579359735,13.895484294730313,0.6433727041642026
15.002704039073851,13.895484294730313,0.4958962044604429
15.002704039073851,13.921037507995297,0.49743550447431234
14.94450369329842,13.921037507995297,0.4752957363145712
15.003587576082717,13.921037507995297,0.4979119429709731
15.003587576082717,13.767687258416148,0.4886742772865747
15.067087495167446,13.767687258416148,0.5229159736538237
15.325512838939034,13.767687258416148,0.6622692560292147
15.325512838939034,14.152080742064626,0.7176165782479874
15.74985322924112,14.152080742064626,0.9464378903144846
15.74985322924112,14.013568774461412,0.9087744086436564
15.74985322924112,14.030039448808921,0.9132530320588594
15.74985322924112,14.068036692077007,0.9235850524621008
15.74985322924112,14.054091565472293,0.9197931633613801
15.74985322924112,13.641370372204484,0.885173589274122
15.74985322924112,13.505431166997925,0.8791052631537012
15.886176165307326,13.505431166997925,0.9547425446777387
15.534425062515314,13.505431166997925,0.7595773145557219
15.369969766007602,13.505431166997925,0.6704441646907271
15.516127473975247,13.505431166997925,0.7494250988277397
15.665244080128316,13.505431166997925,0.832160807469102
15.665244080128316,13.279031970525871,0.8220543473385896
15.840494447300633,13.279031970525871,0.9192900858101111
15.840494447300633,13.279134879350567,0.9192946796600455
15.840494447300633,12.910805380769423,0.9290737066155499
15.840494447300633,13.170524938785205,0.9144463319132078
15.840494447300633,12.768078839584563,0.9606252075390915
16.329190713604028,12.768078839584563,1.2552327833366583
16.329190713604028,12.619524128204882,1.283994312452167
15.87232205065672,12.619524128204882,1.0052722117656567
15.87232205065672,12.341065126912193,1.0591843805469328
15.87232205065672,12.336598606624515,1.06004913907331
16.13081218492222,12.336598606624515,1.209208834028031
16.59867306722978,12.336598606624515,1.5057186890476648
16.59867306722978,12.808255940951636,1.4234549464475341
16.59867306722978,13.009272013567113,1.3866672919864773
16.59867306722978,12.62383456819067,1.459160584006412
16.752049069367896,12.62383456819067,1.5549023546916636
16.752049069367896,12.790659252574454,1.5270327643159711
17.15726964327927,12.790659252574454,1.7954224101018479
16.77916757505929,12.790659252574454,1.5447440502125604
16.77916757505929,13.168470180859929,1.5103137657528243
16.77916757505929,13.260337253474836,1.5136400887180648
16.77916757505929,13.44873809721544,1.5204617064682244
16.803434556318283,13.44873809721544,1.5363106417973418
16.98073105914378,13.44873809721544,1.6521042288681924
17.400012605075407,13.44873809721544,1.9515707491571672
17.161208581184724,13.44873809721544,1.7803048016951992
17.161208581184724,13.566493153060021,1.7845684767572196
16.82348318336605,13.566493153060021,1.5536682155246486
16.82348318336605,13.590845261353408,1.5545499566617356
17.101441904372667,13.590845261353408,1.7425866330848823
16.90049305960735,13.590845261353408,1.6048456459040614
17.061261253250688,13.590845261353408,1.7137697933519191
17.061261253250688,14.035166107884567,1.7353661817021582
17.237178608678164,14.035166107884567,1.8615309425023463
17.694332733691617,14.035166107884567,2.189393652187744
17.694332733691617,14.145305612355223,2.2106338353459014
17.694332733691617,14.499196989380454,2.2788810796224634
17.694332733691617,14.574679621046885,2.293437754174071
17.20186737918519,14.574679621046885,1.95268748268695
17.20186737918519,14.129196852557255,1.8543400053607557
17.20186737918519,13.676741907826244,1.8177201217373669
17.20186737918519,13.887546646527273,1.8253529397162538
17.20186737918519,14.154359512894596,1.859192574081491
17.218414173802817,14.154359512894596,1.8710596373389485
17.21841417380282,14.23488659883328,1.8871386449070682
17.218414173802817,14.194260031596581,1.8787543725695892
17.218414173802817,14.187450148972351,1.8774411003252718
17.414631945974698,14.187450148972351,2.018164954607046
17.629242686222092,14.187450148972351,2.1720799145191525
17.302456710295495,14.187450148972351,1.9377148947321636
17.302456710295495,14.633592323565214,2.034799204876726
17.302456710295495,14.471297825302646,1.9980868910137468
17.473159081714925,14.471297825302646,2.1148790195564384
17.473159081714925,14.762478593589554,2.18068434727517
17.473159081714925,14.705015774572777,2.1676857979110227
17.85278754781232,14.705015774572777,2.4322137612099457
17.85278754781232,14.305147975519816,2.35510005589818
17.85278754781232,14.780625564835386,2.4467949580425095
17.85278754781232,14.533548931291312,2.399146723416802
17.478608788610792,14.533548931291312,2.132625255694957
17.478608788610796,14.298422817239533,2.085448851692477
17.478608788610796,14.300472482605517,2.085844125558977
17.478608788610796,14.214944328988185,2.069350192190181
17.08905506049705,14.214944328988185,1.7941689363509725
17.08905506049705,14.680911902973525,1.8995745293270485
16.74215015123676,14.680911902973525,1.6724473684963939
16.33716592938967,14.680911902973525,1.4270757624917179
16.719215104630965,14.680911902973525,1.6576617173258028
17.120274371575057,14.680911902973525,1.920922981067034
17.286971604708967,14.680911902973525,2.0349142164231306
17.286971604708967,14.677462134336947,2.034133851159387
17.02014298712844,14.677462134336947,1.851670572228237
17.220763440045406,14.677462134336947,1.9888592515828218
17.220763440045406,14.233491680809486,1.888429583231282
17.220763440045406,14.55837867509602,1.96192162043485
17.220763440045406,14.799896177263062,2.0165548115650527
17.220763440045406,14.81528875559965,2.020036735925415
17.518615286940744,14.81528875559965,2.2237143815730787
17.518615286940744,15.269774466246039,2.3564827583303973
17.518615286940744,15.702721378081078,2.5117838993553723
17.518615286940744,15.580174832390286,2.464273829056509
17.316791523057027,15.580174832390286,2.336439464307619
17.316791523057027,15.555577657513634,2.3269033855796897
17.316791523057027,15.880621668771465,2.452919698304238
17.17440103308041,15.880621668771465,2.362730131515009
17.17440103308041,15.589463875647372,2.2498511666987295
17.17440103308041,15.290386383752214,2.133901813865896
16.96981442496729,15.290386383752214,2.005356703610703
16.904524187496534,15.290386383752214,1.9662499406533198
16.468757094908693,15.290386383752214,1.7052393967401656
16.468757094908693,15.641566751970723,1.8518108369218675
16.59465726523048,15.641566751970723,1.9196278449668913
16.191867748833847,15.641566751970723,1.7026624524332294
16.191867748833847,15.814542561358035,1.7801557880145544
16.191867748833847,15.430643437936043,1.6081685968223787
16.191867748833847,15.502508644014597,1.6403642810107768
16.295651852897805,15.502508644014597,1.6962683151535567
16.58817185153887,15.502508644014597,1.8590026937705533
17.015187698716158,15.502508644014597,2.1152944038140387
17.015187698716158,15.140409569544515,1.9749122136327324
17.015187698716158,14.968306984066562,1.9140734687632095
17.015187698716158,15.439763297419352,2.0909686603925284
16.839284450457583,15.439763297419352,1.9850853614981867
16.839284450457583,15.69510071643756,2.0840771254773554
17.020100899580914,15.69510071643756,2.1930724261466303
17.035236892588895,15.69510071643756,2.2026595035739134
16.931577299268255,15.69510071643756,2.139357588543786
16.67454287464204,15.69510071643756,1.9866420572908006
16.470607453956973,15.69510071643756,1.8767908153908444
16.470607453956973,15.863042808646071,1.9520290406423495
16.470607453956973,15.616965073621706,1.8417859692736993
16.470607453956973,15.261235358909762,1.6950461417774254
16.017845830114062,15.261235358909762,1.4385354833386825
16.017845830114062,14.87205989528119,1.2877892475971444
16.017845830114062,14.888490437712338,1.29225695854231
16.041815477167308,14.888490437712338,1.3066140100984989
15.995922576744407,14.888490437712338,1.2793691676542047
15.995922576744407,14.802483922048568,1.2559827059474904
15.995922576744407,14.385151876237035,1.1425038627106474
15.995922576744407,14.054044667587341,1.052470846070666
16.239345637383114,14.054044667587341,1.206499484945556
16.239345637383114,14.488943730783689,1.3162855122881354
15.893634432617214,14.488943730783689,1.115568566000553
15.893634432617214,14.142914726496896,1.0214780892999096
15.893634432617214,14.256297196209225,1.0523084835517378
15.893634432617214,14.333077766887039,1.0731862724275953
15.893634432617214,14.47542594346231,1.1118928768610603
15.640697645390874,14.47542594346231,0.9754992437171293
16.0515531091607,14.47542594346231,1.2001281081043205
16.18494038556663,14.47542594346231,1.2800228182786277
16.18494038556663,14.22247519725225,1.2112417161229188
16.18494038556663,14.08233742506831,1.1778258273150197
16.318829270461535,14.08233742506831,1.2641406441846423
16.318829270461535,13.606356373748584,1.227943008458927
16.318829270461535,13.71746132387922,1.2329027334327585
16.318829270461535,13.863687433226755,1.2394302669540322
16.160784085402643,13.863687433226755,1.137542487276191
16.381771684045304,13.863687433226755,1.280007667431149
16.381771684045304,14.09777876303965,1.3082109988415795
16.28630941072623,14.09777876303965,1.2466688577896048
16.333079265630307,14.09777876303965,1.276820213999891
16.31399489784015,14.09777876303965,1.2645169991947716
15.938792358508362,14.09777876303965,1.0335559037539752
16.40875132290324,14.09777876303965,1.3256040975223184
16.40875132290324,13.842703052469776,1.2964640233548963
16.40875132290324,14.0070234411751,1.3050745176739826
16.292477781260995,14.0070234411751,1.2301158722157692
16.731064475392063,14.0070234411751,1.5128617492547156
16.944946929625477,14.0070234411751,1.6507464204376414
17.196055990584696,14.0070234411751,1.8266112840232496
17.651213458065083,14.0070234411751,2.153042026865768
17.651213458065083,13.875703415395762,2.147187039546682
17.651213458065083,13.95657140861329,2.1501151078451026
17.533819914071533,13.95657140861329,2.06592257117672
17.45258374928897,13.95657140861329,2.0076614560456316
17.45258374928897,14.077258446416385,2.0241330553570687
17.08085686243436,14.077258446416385,1.7575372231889057
16.680000180364736,14.077258446416385,1.4958295949235942
16.680000180364736,14.317099791168916,1.5500836258373742
16.680000180364736,13.90475553267379,1.4741014032551942
16.680000180364736,14.387211105136302,1.565943365947309
16.570732335010824,14.387211105136302,1.4955011177437756
16.97576055262663,14.387211105136302,1.7566126839352467
16.97576055262663,14.524392117586759,1.7876441263996394
17.473430161981618,14.524392117586759,2.127012652361657
17.50963828192755,14.524392117586759,2.1517725613593273
17.095110941594665,14.524392117586759,1.8683096464382127
17.53249583429329,14.524392117586759,2.167673398522501
17.644020889858357,14.524392117586759,2.247657160922768
17.644020889858357,14.076199712813741,2.1612241520471005
17.432527909139967,14.076199712813741,2.009545193149524
16.973860604710744,14.076199712813741,1.6850345699780696
16.973860604710744,14.127905600336142,1.6967308553827367
16.973860604710744,13.65780234194995,1.6551868851581437
16.973860604710744,13.475344397848444,1.6485804479181163
16.973860604710744,13.51669927664478,1.650077825369574
16.973860604710744,13.077865199028668,1.6341885210872498
16.710848781742378,13.077865199028668,1.4624136584238492
16.710848781742378,13.445267891064049,1.4757165750970662
16.717853596626366,13.445267891064049,1.4802914687315032
16.586575888452945,13.445267891064049,1.3945530785794846
16.602558050599,13.445267891064049,1.4049911405522086
16.671798103161297,13.445267891064049,1.4502123035610124
16.671798103161297,13.856284544185279,1.4666499842079401
16.671798103161297,14.188107982304592,1.5156169726166664
16.74866333789319,14.188107982304592,1.5651700678174503
16.74866333789319,14.417038302427034,1.6169559376717078
16.74866333789319,14.86638541245646,1.7239825715993073
16.369506652200617,14.86638541245646,1.496879849883397
16.36950665220062,15.016123363662372,1.5394625273135636
16.369506652200617,14.534575026546392,1.406655628798661
16.369506652200617,14.708287525589062,1.4538906629758488
16.369506652200617,14.619582033594723,1.4297703091202079
16.159334857770425,14.619582033594723,1.303884129753945
16.033887218426738,14.619582033594723,1.2287450081115354
16.033887218426738,14.49512651206703,1.194903684975333
16.033887218426738,14.431433383497222,1.1775845679202734
16.033887218426738,14.119315656826247,1.0927150762725353
15.682163359797,14.119315656826247,0.9010274869628434
15.682163359797,14.061741388059373,0.8853721796710987
15.682163359797,13.859114725743503,0.8600969821009972
15.682163359797,13.704166409989032,0.8507630505082636
15.682163359797,13.851561098787261,0.8596419591667802
15.682163359797,14.229224916529745,0.9309134633151199
15.682163359797,14.554718214917193,1.0194199735461429
15.70268708949591,14.554718214917193,1.030487189548983
15.70268708949591,14.466554447798844,1.0065141388129972
15.70268708949591,14.750447285046977,1.0868988586345705
15.530088256339358,14.750447285046977,1.0053548851074234
15.530088256339358,15.069103989991874,1.1208387931513664
15.833257097682107,15.069103989991874,1.2640703059060658
15.833257097682107,15.21660203622357,1.3301495781159118
16.21510184024835,15.21660203622357,1.5247930407928518
16.21510184024835,14.913008929535046,1.4170739421243967
16.21510184024835,15.073240475149149,1.469122718860448
16.06351394092977,15.073240475149149,1.3789130349867011
15.788794866203975,15.073240475149149,1.2449173630556296
15.651390541566599,15.073240475149149,1.1800009646893503
15.90291150265526,15.073240475149149,1.2988315397137655
15.90291150265526,14.691093607934887,1.1755387170934366
15.90291150265526,14.22907765388461,1.0499096489478559
15.90291150265526,13.738349086804762,0.9744254184567059
15.48730091359165,13.738349086804762,0.7477445552851932
15.48730091359165,13.577032812269602,0.7380270242234698
15.26882620776636,13.577032812269602,0.6202167238542402
15.26882620776636,13.66907027747058,0.6257609687204819
14.78208431569599,13.66907027747058,0.39958914012202756
14.809030340396136,13.66907027747058,0.4096310343089571
14.809030340396136,13.904187316463364,0.4259771506518257
14.809030340396136,13.67164883374677,0.4097863639604786
14.809030340396136,13.375388742645706,0.39193995233264156
14.809030340396136,13.648953864105682,0.408419241684269
14.809030340396136,13.766212085454944,0.4154827596801272
14.809030340396136,13.607637627509202,0.40593039290793365
14.809030340396136,13.546453831903674,0.4022447422444523
14.809030340396136,13.841535712475386,0.4207658528837096
14.809030340396136,13.852645023731943,0.4216899142847188
15.20179940016248,13.852645023731943,0.6006757921282044
15.20179940016248,13.702331269348967,0.5916210418779284
15.329317471196779,13.702331269348967,0.6603838865024636
15.352328943556973,13.702331269348967,0.6727925928579745
15.053607024071171,13.702331269348967,0.5117097849944509
15.053607024071171,13.315372718026422,0.48839978882133206
15.053607024071171,13.741643198619778,0.5140778963017952
15.053607024071171,14.183743157763548,0.5882956250449947
14.694901314574254,14.183743157763548,0.45626784577872825
14.694901314574254,14.149562596674222,0.44469065047384615
14.694901314574254,13.936373102105764,0.3887403303021656
14.699873301794387,13.936373102105764,0.39047916847670094
14.699873301794387,14.061118911301119,0.41647299330671356
14.699873301794387,13.977481994536772,0.3938985650402198
14.64119031487214,13.977481994536772,0.37337554007286333
14.34064612833669,13.977481994536772,0.2682671233483798
14.34064612833669,14.065961228264118,0.29248167826646043
14.34064612833669,14.312302306570755,0.3759191258764665
14.782672402013292,14.312302306570755,0.5305076484905633
14.782672402013292,14.095213923713827,0.45697829359824155
14.782672402013292,14.461440093955767,0.5810216610423785
14.782672402013292,14.004231161752319,0.4261617952425452
14.660826877466302,14.004231161752319,0.38354912547930026
14.660826877466302,13.591668189391859,0.3497378700055107
14.660826877466302,14.050447843897194,0.39920303923854444
14.660826877466302,14.404606906365357,0.5191591928099486
14.938676532232604,14.404606906365357,0.6163307190224029
14.853779131011837,14.404606906365357,0.5866398055856679
14.853779131011837,14.624580747567517,0.6611464854177278
14.853779131011837,14.845779479266223,0.7360680442352016
14.853779131011837,14.630285108698791,0.6630785924634182
14.613685051009703,14.630285108698791,0.580332376790352
14.613685051009703,14.54691840770426,0.5508743249527572
14.613685051009703,14.706784237200278,0.6118707489967885
15.010293468995588,14.706784237200278,0.7449898974694221
15.010293468995588,14.866094760533024,0.7989494868958864
14.752238614774432,14.866094760533024,0.7158132255916617
14.699928143315642,14.866094760533024,0.7013670088621877
14.699928143315642,15.277013675038638,0.8996963572973409
14.546547041016826,15.277013675038638,0.857338171943193
14.239687664367194,15.277013675038638,0.7746948526178548
14.239687664367194,15.007772510715478,0.633486672020982
14.239687664367194,14.846436102396908,0.5661609228259129
13.895704200881129,14.846436102396908,0.5008616647781259
13.895704200881129,14.791384198225737,0.4781653611935733
14.374057315551404,14.791384198225737,0.5805725452213453
14.374057315551404,14.73038978980309,0.5554263194665319
14.374057315551404,14.520739179748908,0.4689934528088845
14.038900500864205,14.520739179748908,0.37643554139442353
14.038900500864205,14.168304492374746,0.23113694039599053
13.715561026336546,14.168304492374746,0.2228311345021775
13.715561026336546,14.34621979011626,0.2961804522173691
13.873548235096155,14.34621979011626,0.29482681781271675
13.747414126966522,14.34621979011626,0.2959075348511715
13.747414126966522,14.724290137768396,0.4517749751480651
14.120169116586137,14.724290137768396,0.48279708313169156
14.475134330632796,14.724290137768396,0.5808253415384592
14.783552856296826,14.724290137768396,0.67035872946724
14.783552856296826,15.032376306557474,0.7963941090099371
14.783552856296826,14.945994571718737,0.7574014355305558
14.783552856296826,15.078731043549654,0.8203441182622129
14.742553067263891,15.078731043549654,0.8090214935235107
14.56704379571718,15.078731043549654,0.760552326565356
14.56704379571718,14.697665680607262,0.5952308435662799
14.56704379571718,15.116187413017412,0.7799048340655237
14.629717995267544,15.116187413017412,0.7972131290359512
14.629717995267544,15.156834420180571,0.8182141369329261
14.629717995267544,15.46327926080333,0.9765443798478053
14.629717995267544,15.429229393596424,0.958951903057748
14.629717995267544,15.472603034470385,0.9813616753408158
14.629717995267544,15.480059458285663,0.9852141709206075
14.629717995267544,15.93925873014292,1.2398818829751714
14.629717995267544,16.055040034359063,1.3093298373783395
14.629717995267544,15.794650575237695,1.1570321112179407
14.74139789615123,15.794650575237695,1.1815910798217677
14.74139789615123,16.07649114440728,1.34739227975752
14.750128997095217,16.07649114440728,1.3493122925106074
15.147031270636223,16.07649114440728,1.4593095364241913
15.147031270636223,16.537721053457172,1.7456707159435805
15.147031270636223,16.613578169946084,1.7934227707733505
15.251144890014457,16.613578169946084,1.8295830966013213
15.251144890014457,17.068758080537172,2.1181699726189156
15.251144890014457,16.644391373636378,1.8489800083243608
15.506399397768783,16.644391373636378,1.9376339829395623
15.506399397768783,16.77920987344381,2.022502228568342
15.266270145505096,16.77920987344381,1.9391014971891274
15.266270145505096,16.79969183016911,1.9519948889477026
15.74819252240963,16.79969183016911,2.119374241204677
15.715475659200607,16.79969183016911,2.1080111511423723
16.151481233763203,16.79969183016911,2.290618210119895
15.725170639402425,16.79969183016911,2.1113783728861466
15.725170639402425,16.47568843582937,1.9215052487740327
15.725170639402425,16.671142952149307,2.0335075275334282
15.725170639402425,16.281759727712462,1.810377311518261
15.725170639402425,16.123946138455942,1.7199446013986512
15.725170639402425,15.792067417771984,1.5414870145539654
16.005551136607227,15.792067417771984,1.6697261538207058
16.005551136607227,15.728756604353888,1.6413628460985856
15.634543708246682,15.728756604353888,1.472182910317868
15.634543708246682,15.536818881857108,1.3797253017645947
15.634543708246682,15.585536537855635,1.4015508603695905
15.342818609787567,15.585536537855635,1.280392633019429
15.342818609787567,15.313163250964411,1.1417024161522238
15.507246481996887,15.313163250964411,1.2193860355217725
15.664635604917201,15.313163250964411,1.293744211867229
15.339615723194768,15.313163250964411,1.1401892187872291
15.339615723194768,15.021933731935043,1.009718103032553
15.339615723194768,14.69730865918683,0.8973680932191153
15.039724787796475,14.69730865918683,0.7556852205720622
14.808368759414657,14.69730865918683,0.669898705151003
14.515282394763506,14.69730865918683,0.5807890702166875
14.673612611969192,14.69730865918683,0.6245140179908613
14.391322198148249,14.69730865918683,0.546555850438828
14.144372167555876,14.69730865918683,0.4783573891403464
13.650181878091885,14.69730865918683,0.4413689192864393
13.650181878091885,14.825379891995057,0.49385519998714017
13.585634747515002,14.825379891995057,0.49425009933200953
13.585634747515002,14.455548771080014,0.34236682888522
13.364349416301355,14.455548771080014,0.34403936318385087
13.803808553981268,14.455548771080014,0.34049751571141706
13.409013514963455,14.455548771080014,0.3437661082282361
13.409013514963455,14.67561801022424,0.4339551038835615
13.020133097002262,14.67561801022424,0.43633427428064814
13.020133097002262,14.910614421893417,0.5326407387073222
13.074048476113573,14.910614421893417,0.5323108844179192
13.074048476113573,15.014216436242382,0.5770879373737401
13.074048476113573,14.55309485791324,0.3857918591879993
13.074048476113573,14.38107994568357,0.3152965358431236
13.074048476113573,14.354709572819672,0.3044894032656681
12.840494409158397,14.354709572819672,0.3623516840982405
13.171370814649336,14.354709572819672,0.3038939851985063
13.417468215850041,14.354709572819672,0.30223460262253593
13.417468215850041,13.934810012375861,0.1506479248522961
13.170831493769164,13.934810012375861,0.15276110828708508
12.879251578649708,13.934810012375861,0.19916548528695405
12.879251578649708,14.160402014316427,0.2687708857215695
12.879251578649708,14.041901209234187,0.22020676728196079
12.881129363951176,14.041901209234187,0.2195309147962562
12.881129363951176,13.649288437068988,0.1762760548845026
12.881129363951176,13.50842457441569,0.1647152168126838
12.881129363951176,13.164513520779801,0.13649009272973278
12.882998363497666,13.164513520779801,0.1357749443502625
12.882998363497666,12.831611031072418,0.16735885993192057
12.882998363497666,13.2383515077126,0.14183490177582428
13.12656003470291,13.2383515077126,0.09598138021214632
13.12656003470291,13.251907597701418,0.09709394207361856
12.69305603940473,13.251907597701418,0.21562642470124527
12.270428278276365,13.251907597701418,0.37733944333611985
11.773526277210188,13.251907597701418,0.6018179069307918
11.773526277210188,13.474224189376725,0.615013285913088
11.773526277210188,13.268325052346084,0.6027923485337713
11.773526277210188,12.97443351147053,0.5917730572543289
12.23225961600328,12.97443351147053,0.3775730905263859
12.23225961600328,12.988872823367855,0.37401319369259556
11.90550427105053,12.988872823367855,0.5151524356018087
11.90550427105053,13.351622793182809,0.5338870603660799
12.256962490682755,13.351622793182809,0.38852527962003547
12.256962490682755,13.399481257658335,0.3913658709205159
12.256962490682755,13.787575531037495,0.4144008184226625
12.48828307315011,13.787575531037495,0.3311439143810116
12.48828307315011,13.884963644972265,0.33692428849549594
12.48828307315011,13.756096369865906,0.3292755002488331
12.192238082420815,13.756096369865906,0.4358280133121214
12.192238082420815,13.390000413308803,0.41409875390663103
11.885514859969131,13.390000413308803,0.5473501605169236
12.056267112065775,13.390000413308803,0.4630374255568168
11.820990038512557,13.390000413308803,0.5834555405615214
11.820990038512557,13.369530845580302,0.582240589838564
11.820990038512557,13.072778448993267,0.5646271480915371
11.820990038512557,13.544698419862621,0.5926374860425168
12.245841513948683,13.544698419862621,0.40398775231211603
12.245841513948683,13.651399693571365,0.41032089971182484
12.003613200865413,13.651399693571365,0.4975037141567554
12.110121905388104,13.651399693571365,0.45916910122494864
11.877883537770687,13.651399693571365,0.5671354207843446
11.877883537770687,13.743349546606852,0.5725930123614129
11.877883537770687,13.752247525117273,0.5731211429779204
11.877883537770687,13.804462264170411,0.5762202965996803
11.663205630012639,13.804462264170411,0.694206694381078
11.663205630012639,13.881071238511248,0.6975940367905324
11.407830999169956,13.881071238511248,0.8366250933139058
11.407830999169956,14.263192768653607,0.9302092982426622
11.544625669909792,14.263192768653607,0.855735543598481
11.544625669909792,13.788837859709794,0.7580731475926394
11.544625669909792,13.801760288944175,0.7586445257236669
11.615347668391571,13.801760288944175,0.7201420553102165
11.615347668391571,13.774426558648361,0.7189334670914568
11.615347668391571,13.682094390001824,0.7148509079225814
11.601000235706048,13.682094390001824,0.7226619372252343
12.04050773207987,13.682094390001824,0.4860464874939814
12.036353935323165,13.682094390001824,0.48754152202265477
12.237753310182699,13.682094390001824,0.41505385902321135
12.237753310182699,13.745098588378932,0.4187934102136862
12.147889634466111,13.745098588378932,0.4511371443776005
12.472119262057555,13.745098588378932,0.3344404168148878
12.472119262057555,13.608333775337984,0.3263228781016554
12.622559046821316,13.608333775337984,0.27185343527719597
12.622559046821316,13.775501749140112,0.2820986786865343
12.95397429206238,13.775501749140112,0.15876134286180515
12.910135561854343,13.775501749140112,0.1755356630724179
12.910135561854343,14.126153146451582,0.24361921720931864
12.910135561854343,14.223998234878314,0.2837181891934504
13.273494549025287,14.223998234878314,0.24957967499546874
13.48399184526911,14.223998234878314,0.24777613416125166
13.260162349504652,14.223998234878314,0.24969390528096153
13.387343252656455,14.223998234878314,0.2486042193027569
13.863539120181237,14.223998234878314,0.24452417310980457
13.863539120181237,14.568483540429682,0.3865454745147725
13.863539120181237,14.9845122683972,0.5577656700095401
13.863539120181237,15.302531365371653,0.7374409526996508
13.882928844541992,15.302531365371653,0.7373223263660118
13.882928844541992,15.469830676656732,0.8331724515833272
13.882928844541992,15.931764224308614,1.097754012614034
13.882928844541992,15.467191016101962,0.8316601214203247
13.882928844541992,15.092086417308321,0.6167529440518794
13.882928844541992,14.639556268696365,0.41568056811168347
13.882928844541992,14.154266802664168,0.21560979466112334
14.07430791326522,14.154266802664168,0.23512782525222184
14.07430791326522,14.102684987999275,0.21386213893851194
13.721800249832434,14.102684987999275,0.19572465814688492
13.721800249832434,13.922239685768677,0.1470087487101568
14.088846095607634,13.922239685768677,0.17561085330112378
14.088846095607634,13.965302598073972,0.17919278328376595
14.088846095607634,13.761239298260572,0.1622190020685871
14.088846095607634,13.812807408201712,0.16650838588538122
14.088846095607634,13.866109194792358,0.17094197519220458
14.088846095607634,14.121017309916546,0.22543493167789533
13.961211218437311,14.121017309916546,0.20123126965703342
13.481959196678968,14.121017309916546,0.2053375009794589
13.481959196678968,14.22129095963697,0.24667741882334807
13.41412175507888,14.22129095963697,0.24725865002297764
13.41412175507888,14.182867216027205,0.23141765482123594
13.41412175507888,14.450965976385117,0.3418567305105524
13.41412175507888,14.304810502345134,0.28169133541481495
13.41412175507888,14.292885978819875,0.27677520017653284
13.86243480058759,14.292885978819875,0.2729340540026142
13.916001586563098,14.292885978819875,0.27247509378037604
13.916001586563098,14.281932004326732,0.2679590877621135
14.022477066724282,14.281932004326732,0.2734467235335639
14.022477066724282,14.019325835690504,0.16541363294350625
14.521769538296295,14.019325835690504,0.34002969114897197
14.382068798610916,14.019325835690504,0.2911725705610234
14.382068798610916,13.748842985792741,0.2637357854470544
14.382068798610916,13.83566668141976,0.2709576936256141
14.382068798610916,14.030227079618303,0.2948648981880765
14.382068798610916,13.586292310401115,0.2502149828186543
13.96710277591693,13.586292310401115,0.11691352162708213
13.96710277591693,13.492030631303706,0.10907292942143876
14.36770067009013,13.492030631303706,0.2373494681298219
14.812309968838525,13.492030631303706,0.4001885523562505
14.812309968838525,13.741115486978023,0.4151931749772157
14.528306782706151,13.741115486978023,0.3142363912868191
14.052902257446842,13.741115486978023,0.1479745928814567
14.052902257446842,13.539201104401462,0.13117955645312096
13.840562189129077,13.539201104401462,0.11422092892099625
13.911971936781825,13.539201104401462,0.11352996820270828
13.898587465243171,13.539201104401462,0.11365947634931628
13.898587465243171,13.426542668826393,0.10428866033661763
13.898587465243171,13.5697216959718,0.11619814863554548
14.087252581119628,13.5697216959718,0.14573146438646264
14.087252581119628,13.619171986563604,0.14984469010759827
13.660629370491923,13.619171986563604,0.12261385688149415
13.905146380510528,13.619171986563604,0.12024791029255413
13.905146380510528,13.42772208814878,0.1043232991923075
14.080325177126543,13.42772208814878,0.13149737879106188
13.775016604882513,13.42772208814878,0.10558243490128418
13.775016604882513,13.842593527436634,0.1400161511196186
13.775016604882513,14.273955112860332,0.2658784060634084
13.775016604882513,13.82514320528899,0.13858398573063932
13.362127073144642,13.82514320528899,0.14212162323856942
13.362127073144642,14.06250062907021,0.18223949208470094
13.282715682662555,14.06250062907021,0.18291988887835145
13.282715682662555,14.27652002980369,0.2711538812381442
13.584796208963876,14.27652002980369,0.2685656552887945
13.200913295086043,14.27652002980369,0.27166952759484153
13.577710199304292,14.27652002980369,0.2686263682195578
14.071294660871427,14.27652002980369,0.28469713663743285
14.297074395718372,14.27652002980369,0.3485612069261175
14.09514637267068,14.27652002980369,0.29128409692304996
14.09514637267068,14.066095806844631,0.20666936792392324
14.09514637267068,13.616535619908111,0.15238607180333563
14.23064197053774,13.616535619908111,0.19977254075858875
14.23064197053774,13.223888956755268,0.16726749810036828
14.23064197053774,13.6632861030023,0.20366119919188025
14.23064197053774,13.213452980161172,0.16663884530631656
13.907631597439845,13.213452980161172,0.08647656209999818
13.642748973723211,13.213452980161172,0.08903956636708033
13.646942097699206,13.213452980161172,0.0889989936994886
13.244532633167157,13.213452980161172,0.09289270767830071
13.578992772125568,13.213452980161172,0.08965647137373912
13.578992772125568,12.995599958177861,0.07329220675392178
13.578992772125568,13.13944850554378,0.08350085317953915
13.578992772125568,12.73851240808639,0.15453932812177937
13.716805854056672,12.73851240808639,0.15320584874101403
13.956268382708606,12.73851240808639,0.15146891123017148
14.222466005598307,12.73851240808639,0.23406800403802835
14.31685881308827,12.73851240808639,0.2692450884268907
14.31685881308827,12.828614565528078,0.2405301615653268
14.115947797364958,12.828614565528078,0.16565725606876724
14.402068762319717,12.828614565528078,0.27228509771556214
14.402068762319717,13.190533555153143,0.22914331027627202
14.14425630797575,13.190533555153143,0.1341267164035185
14.14425630797575,13.67609196062368,0.17451497901215224
14.14425630797575,13.625818581381486,0.1703332896001658
13.981436703064626,13.625818581381486,0.1200625822418773
13.854929672150591,13.625818581381486,0.12128666427300148
13.80358790614319,13.625818581381486,0.12178344720088911
13.80358790614319,13.684392456133905,0.12665556352892057
13.429672625014355,13.684392456133905,0.1299913382162427
13.429672625014355,13.682706892812043,0.12985300234885416
13.284251508896533,13.682706892812043,0.13109897047175165
13.174708467010612,13.682706892812043,0.13203753525463022
13.174708467010612,13.519388075497107,0.1186337965987761
13.174708467010612,13.604174946628044,0.12559233989936325
13.12907091237851,13.604174946628044,0.12598336246745112
13.12907091237851,13.570480364020938,0.12321801437830332
12.971980433217434,13.570480364020938,0.13504521693054317
12.971980433217434,13.420063441796513,0.12270034970666242
13.385169151342506,13.420063441796513,0.10867889744297901
13.385169151342506,13.535453627936809,0.11814908540969923
13.385169151342506,13.761774541337825,0.13672346909343405
13.08502238529459,13.761774541337825,0.1392951265849326
13.08502238529459,13.452619503377647,0.11392246346450285
13.08502238529459,13.174206598868048,0.09107283797849555
13.44732735610775,13.174206598868048,0.0876659911895468
13.44732735610775,12.974086842843388,0.08136496964534842
13.254841924082795,12.974086842843388,0.0832274586856219
13.347898470487241,12.974086842843388,0.08232704354261247
13.497529105219787,12.974086842843388,0.08087921752094035
13.497529105219787,12.897962374026871,0.1049367572765552
13.978012176336394,12.897962374026871,0.10050085575378348
13.621050961345244,12.897962374026871,0.10374155979668528
13.621050961345244,13.213985319163708,0.08929379576074149
13.621050961345244,12.897868350905712,0.10377127382964205
13.432938187734678,12.897868350905712,0.10559145302709788
13.432938187734678,13.342550195810105,0.10180787283276799
13.197835565891493,13.342550195810105,0.10392238199177282
13.197835565891493,13.506950331523374,0.11741486552989651
13.197835565891493,13.355406333081914,0.10497749803380749
13.556156675401883,13.355406333081914,0.10168497138823193
13.12820418067395,13.355406333081914,0.1055740997423514
13.12820418067395,13.259899140438671,0.09773572893492778
13.08138610524859,13.259899140438671,0.09813686620517226
13.08138610524859,13.262604057672238,0.09835886146744834
12.998137980484925,13.262604057672238,0.09976865517840797
13.0730788323616,13.262604057672238,0.09843003818154407
13.0730788323616,12.965915455805389,0.08756859363534793
13.352126842858826,12.965915455805389,0.08486852508577677
13.352126842858826,12.922448713720847,0.09860527612001244
13.352126842858826,13.021018279419351,0.07584510013232024
13.143472728813274,13.021018279419351,0.077864037339825
13.143472728813274,13.041341009685487,0.0795544617206319
13.143472728813274,13.276654783684888,0.09898006041133034
13.623645294028423,13.276654783684888,0.0944814763871063
13.778246291196744,13.276654783684888,0.09298555713850562
13.778246291196744,13.489529043322388,0.11069222518089325
14.110222461958703,13.489529043322388,0.14709430724794414
14.192796156954904,13.489529043322388,0.17597255787788055
14.176382998000905,13.489529043322388,0.17023243303637553
14.176382998000905,13.209972927293494,0.14697923486120815
14.176382998000905,13.034933445867779,0.1356644785616325
14.176382998000905,13.003916538864209,0.1337960511006444
13.776348445310546,13.003916538864209,0.07031782622936117
13.75019657714758,13.003916538864209,0.07057087170570603
13.53025317869336,13.003916538864209,0.07269904402914905
13.777642835122478,13.003916538864209,0.07030530171354091
13.85875950040044,13.003916538864209,0.06952041686031135
13.785633280255663,13.003916538864209,0.07022798616643221
13.958553339128544,13.003916538864209,0.06855481167677821
13.958553339128544,12.780943024506884,0.1379305486768582
13.958553339128544,12.816977144140246,0.1264467269885432
13.958553339128544,13.132808888334834,0.07927594841339536
13.556230987256525,13.132808888334834,0.08316881949010903
13.556230987256525,13.432598103576574,0.1081049866247017
13.134505307504366,13.432598103576574,0.11185531748393557
13.134505307504366,13.843774057924755,0.14560093923324513
13.134505307504366,14.0523963149459,0.18002403968436387
13.44415366098679,14.0523963149459,0.17737097259172646
13.44415366098679,14.041997588489075,0.17308387923664448
13.294845905535736,14.041997588489075,0.17436314808534908
13.379630330511413,14.041997588489075,0.1736367151321575
13.675820432421084,14.041997588489075,0.17109895833899544
13.675820432421084,13.966949670466851,0.15107209693990112
13.675820432421084,13.5728126674311,0.11861074636014504
13.675820432421084,13.807614244154651,0.13799527916703255
13.255718667880998,13.807614244154651,0.14159471108561197
13.341980564440039,13.807614244154651,0.14085561915589412
13.173667325736556,13.807614244154651,0.14229772698510557
13.140279436615806,13.807614244154651,0.14258379441909216
13.140279436615806,13.655057180667336,0.13006328366162473
13.503793338295408,13.655057180667336,0.12694869655203392
13.646683262684055,13.655057180667336,0.125724415679872
13.646683262684055,13.58295380322967,0.11973620714910974
13.235435761485691,13.58295380322967,0.12333038798045279
13.235435761485691,13.272647505019293,0.097863239780029
13.205785947065856,13.272647505019293,0.09811727938997816
13.488782793112332,13.272647505019293,0.09545308451384485
13.488782793112332,13.108300022583123,0.08178282527228664
13.313202309810848,13.108300022583123,0.08348174202871181
13.313202309810848,13.050830683935086,0.07870149990930674
13.803506701905109,13.050830683935086,0.07395731461140267
13.803506701905109,12.898013405186251,0.10195999072476034
13.774417446131647,12.898013405186251,0.10224145836362435
13.774417446131647,13.00313171950567,0.07027123008799238
13.404758124764744,13.00313171950567,0.07384805368153853
13.42873091165339,13.00313171950567,0.07361609299560398
12.990267206586505,13.00313171950567,0.08148515022490922
13.301364008756643,13.00313171950567,0.07484849514803292
13.02442356772797,13.00313171950567,0.07752817085542636
13.02442356772797,13.070651399131071,0.0830931698497929
13.523961426544231,13.070651399131071,0.07831086196508139
13.449792688802265,13.070651399131071,0.07902851867147263
13.571900045889397,13.070651399131071,0.07784700788429755
14.006197393615922,13.070651399131071,0.07587210860543903
13.692525403030292,13.070651399131071,0.07667983692860225
13.977332194004745,13.070651399131071,0.07392404641913344
13.812688047752015,13.070651399131071,0.07551714317827485
13.812688047752015,13.298111059497595,0.09443701026790194
13.778090691826486,13.298111059497595,0.09477177428383737
13.778090691826486,13.24875938829221,0.0906667516246447
13.715798831305168,13.24875938829221,0.09126948766704898
13.715798831305168,13.139548690604682,0.08218545104409807
13.752117467042972,13.139548690604682,0.08183403192469908
14.089664178062746,13.139548690604682,0.11079350453715679
14.089664178062746,13.037057702554275,0.10347519919027628
13.940996991018512,13.037057702554275,0.07148133575566694
13.73045756949918,13.037057702554275,0.07351851519828799
13.623919625035972,13.037057702554275,0.07454937634891398
13.417661488849884,13.037057702554275,0.07654513007465058
13.417661488849884,13.07456318922327,0.07966479895029085
13.57113096103985,13.07456318922327,0.07817982833738073
13.57113096103985,13.137880077220794,0.08344646376412684
13.218233558384854,13.137880077220794,0.0868610990322166
13.533564866566776,13.137880077220794,0.08380995329424831
13.54501689986621,13.137880077220794,0.083699143420043
13.994353172076147,13.137880077220794,0.07935136565013963
13.599035908474736,13.137880077220794,0.0831764554927469
13.599035908474736,12.964914377608526,0.08279580270835357
13.201831235410923,12.964914377608526,0.08663915512491903
13.428985233241514,12.964914377608526,0.08444121304191024
13.428985233241514,13.349389151492815,0.10241497911517598
13.428985233241514,13.009038977526437,0.07410499199482662
13.146849846766596,13.009038977526437,0.07683493399435792
13.181870244379372,13.009038977526437,0.07649607662705671
13.25666409573383,13.009038977526437,0.07577237132135096
13.305871240358837,13.009038977526437,0.0752962429899594
13.74324988767666,13.009038977526437,0.07106416719851215
13.98104677279742,13.009038977526437,0.06876324453808368
13.98104677279742,13.049393809719712,0.0721199191250881
13.98104677279742,13.075347367459367,0.07427871010431483
13.67170773953425,13.075347367459367,0.07727187459016926
13.709557276697678,13.075347367459367,0.07690564246857594
13.738250807933756,13.075347367459367,0.07662800386033564
14.006196952495362,13.075347367459367,0.07626256028324806
13.954858278961895,13.075347367459367,0.07453210997066737
13.685918263013818,13.075347367459367,0.07713437356498097
13.969998152079354,13.075347367459367,0.07438561655838284
13.506706728583017,13.075347367459367,0.0788684243721334
13.991525081077377,13.075347367459367,0.07417732199339797
13.612362731411498,13.075347367459367,0.07784609688876502
13.91133672050258,13.075347367459367,0.0749532245703197
13.723723966269272,13.075347367459367,0.0767685655802812
13.723723966269272,13.19605664891991,0.08680904290288774
13.841787902496481,13.19605664891991,0.08566665625595327
13.56287112520574,13.19605664891991,0.08836545499301847
13.612195749977504,13.19605664891991,0.08788818992372689
14.068095925784247,13.19605664891991,0.1079507798372566
14.068095925784247,13.190577010337078,0.1074949889795752
14.096078266658234,13.190577010337078,0.11728116910641188
14.096078266658234,13.247970279805212,0.12205508386750183
14.096078266658234,12.95290439738093,0.11864223828620318
13.74061201041838,12.95290439738093,0.08522141438729379
13.74061201041838,13.195579184055662,0.08660591913775764
13.890186704766844,13.195579184055662,0.0851586343952419
13.890186704766844,13.01896345631251,0.07046791477729435
13.890186704766844,13.017823220228415,0.07037307108005535
13.446823628465491,13.017823220228415,0.07466305220634724
13.289215102891689,13.017823220228415,0.07618807229979935
13.22252375944916,13.017823220228415,0.07683337773894926
13.051592232640262,13.017823220228415,0.07848731119235217
13.013519094911201,13.017823220228415,0.07885093790216707
13.00806978461792,13.017823220228415,0.07889762759275992
13.00806978461792,13.031262116379406,0.08000057123876786
13.255485230867341,13.031262116379406,0.07763227648445017
13.255485230867341,13.034694041763505,0.07791774060597416
13.557771265621293,13.034694041763505,0.07499282093369491
13.456443340166459,13.034694041763505,0.0759732699403959
13.456443340166459,12.994665558506668,0.07477329245124559
13.404614873546858,12.994665558506668,0.07527478469425683
13.416436800626213,12.994665558506668,0.075160395727837
13.575843637616433,12.994665558506668,0.07361797517311963
13.812135199213058,12.994665558506668,0.0713316180231107
14.002566830558528,12.994665558506668,0.0704846222065896
13.898895904130244,12.994665558506668,0.070492121442332
13.775814931246089,12.994665558506668,0.07168305293595909
13.539263236427947,12.994665558506668,0.07397192713501942
13.866220703409414,12.994665558506668,0.07080828668450674
13.819001622107011,12.994665558506668,0.07126517851518879
13.90999452420825,12.994665558506668,0.07038473119445722
13.76689687547335,12.994665558506668,0.07176934404361611
14.013700666298814,12.994665558506668,0.0746338353704144
13.978960420992102,12.994665558506668,0.06971741717717665
13.912442943753831,12.994665558506668,0.07036104028693417
13.690850849714936,12.994665558506668,0.07250516538885451
13.59613772080938,12.994665558506668,0.07342160962414467
13.605473585322173,12.994665558506668,0.0733312757991189
13.693289161152695,12.994665558506668,0.07248157228738276
13.693289161152695,13.036029518506531,0.07379263339654128
13.81889381367078,13.036029518506531,0.07257728277877629
13.997443288777847,13.036029518506531,0.0708496380576403
13.863720286690356,13.036029518506531,0.07214354182583887
13.858521606236064,13.036029518506531,0.0721938442579146
13.894849083931785,13.036029518506531,0.0718423395837308
13.691057353108945,13.036029518506531,0.0738142283711726
13.51174328552156,13.036029518506531,0.07554927128914815
13.689334337137359,13.036029518506531,0.07383090027371367
13.977862811207991,13.036029518506531,0.07103909875860623
13.977862811207991,12.994624355148567,0.06974105910550517
13.974017178219382,12.994624355148567,0.06977826945030294
13.975828862879881,12.994624355148567,0.06976073958952796
13.866991210415664,12.994624355148567,0.07081385271477171
13.898567698950643,12.994624355148567,0.07050831861170727
13.893715803839717,12.994624355148567,0.07055526554880057
13.857097608577718,12.994624355148567,0.07090958320615567
13.82578201272301,12.994624355148567,0.07121259291164582
13.963736674857671,12.994624355148567,0.06987774360083086
13.983907052948618,12.994624355148567,0.06968257502242285
13.839184667824878,12.994624355148567,0.07108290882088016
13.876932512465736,12.994624355148567,0.07071766067613522
13.876932512465736,13.008848776216906,0.0697548333663276
13.895535781249514,13.008848776216906,0.06957482813757576
13.918870790210132,13.008848776216906,0.0693490385908728
13.902619980212078,13.008848776216906,0.06950628142841397
13.902619980212078,13.022930101410253,0.07067755197667137
13.995046828880202,13.022930101410253,0.06978322978895862